lib	chr	start	end	cos	width
1	5	22174890	22175344	22175117	454
1	5	26254090	26254698	26254394	608
3	1	15923997	15924287	15924142	290
3	1	29199476	29200794	29200135	1318
5	3	1507025	1508190	1507607	1165
5	3	18476690	18477141	18476916	451
5	5	7752565	7752619	7752592	54
5	5	24374404	24374842	24374623	438
6	2	10802453	10803989	10803221	1536
6	2	19488888	19489551	19489220	663
6	4	79847	79904	79875	57
6	4	11648275	11649257	11648766	982
7	1	1072339	1073161	1072750	822
7	1	23354110	23354232	23354171	122
11	1	9955811	9955866	9955839	55
11	1	20493296	20496195	20494746	2899
11	4	6821435	6822620	6822027	1185
11	4	11490440	11491597	11491018	1157
12	2	617852	618345	618098	493
12	2	19101619	19103091	19102355	1472
13	5	9517427	9518089	9517758	662
13	5	18211633	18212536	18212085	903
18	5	8791182	8791949	8791566	767
18	5	16041584	16043668	16042626	2084
20	5	4871236	4872647	4871942	1411
20	5	23255326	23261694	23258510	6368
21	3	6488550	6488912	6488731	362
21	3	16802366	16802403	16802384	37
21	5	1378619	1379059	1378839	440
21	5	15999183	15999439	15999311	256
23	1	4752467	4753060	4752763	593
23	1	16874181	16874585	16874383	404
23	4	3669481	3669707	3669594	226
23	4	15515190	15515741	15515466	551
23	5	1087113	1088147	1087630	1034
23	5	23054324	23054743	23054534	419
24	3	4444826	4452589	4448708	7763
24	3	11713680	11713706	11713693	26
26	5	8229734	8231040	8230387	1306
26	5	22843535	22844654	22844095	1119
27	4	5633616	5633733	5633674	117
27	4	17547032	17547237	17547134	205
29	1	10057433	10057773	10057603	340
29	1	19321584	19321659	19321622	75
30	1	12636771	12637977	12637374	1206
30	1	26619842	26620446	26620144	604
30	4	7353918	7354712	7354315	794
30	4	17678216	17679721	17678968	1505
31	5	23344833	23345329	23345081	496
31	5	25749328	25750045	25749686	717
35	2	1667259	1667385	1667322	126
35	2	17741640	17742758	17742199	1118
35	3	549625	554683	552154	5058
35	3	11728018	11731113	11729566	3095
37	3	1313158	1313176	1313167	18
37	3	1793239	1793520	1793379	281
37	5	7636425	7636711	7636568	286
37	5	25738544	25738960	25738752	416
45	4	7429864	7431899	7430882	2035
45	4	14838665	14841594	14840129	2929
55	1	4873347	4874819	4874083	1472
55	1	17274085	17274690	17274387	605
57	1	5825854	5826231	5826042	377
57	1	10214480	10214544	10214512	64
57	4	928746	929032	928889	286
57	4	16661256	16661561	16661408	305
58	5	2351901	2352665	2352283	764
58	5	5834044	5834236	5834140	192
60	1	24367754	24368382	24368068	628
60	1	25906707	25907050	25906879	343
62	1	4584642	4584689	4584666	47
62	1	10916109	10916193	10916151	84
63	5	3011778	3012523	3012150	745
63	5	9411182	9411276	9411229	94
65	4	8414737	8415877	8415307	1140
65	4	18328336	18332236	18330286	3900
66	1	17457054	17457266	17457160	212
66	1	28554192	28554286	28554239	94
77	2	6686374	6686537	6686456	163
77	2	17163429	17164451	17163940	1022
83	1	108769	109252	109011	483
83	1	13280280	13280819	13280550	539
83	4	6927440	6929713	6928576	2273
83	4	17526434	17527160	17526797	726
85	5	16861650	16862215	16861932	565
85	5	26328425	26328504	26328465	79
86	5	4988723	4989139	4988931	416
86	5	9713163	9716705	9714934	3542
89	1	7709155	7709688	7709421	533
89	1	18393641	18393865	18393753	224
90	2	884031	884636	884333	605
90	2	11733571	11734180	11733875	609
91	2	2317514	2317605	2317560	91
91	2	10174676	10174828	10174752	152
95	1	4946045	4948849	4947447	2804
95	1	18230360	18230564	18230462	204
96	5	13470243	13470432	13470337	189
96	5	26511818	26511904	26511861	86
