lib	chr	start	end	cos	width
1	1	7194315	7195393	7194854	1078
1	1	11467823	11468046	11467935	223
1	1	19919436	19921013	19920224	1577
1	1	20383608	20386138	20384873	2530
1	1	21033943	21037466	21035705	3523
1	1	23523471	23525614	23524543	2143
1	4	9288965	9289392	9289179	427
1	4	13656782	13656934	13656858	152
1	5	13749867	13752856	13751361	2989
1	5	19393327	19393804	19393565	477
2	1	3676526	3677300	3676913	774
2	1	5962889	5963494	5963191	605
2	1	8549074	20835976	14692525	12286902
2	1	26367869	26371807	26369838	3938
2	1	28932526	28934610	28933568	2084
2	3	8911779	8912351	8912065	572
2	3	17945366	17945396	17945381	30
2	4	1090170	1090639	1090404	469
2	4	8822958	8823059	8823008	101
2	4	9329019	9329171	9329095	152
2	4	10796845	10797052	10796949	207
2	4	12011495	12012029	12011762	534
2	4	12852098	12854594	12853346	2496
2	5	16136430	16137478	16136954	1048
2	5	16430124	16430797	16430460	673
2	5	19160029	19162278	19161153	2249
2	5	25568423	25570806	25569615	2383
3	1	7087633	7087759	7087696	126
3	1	9214342	9223223	9218782	8881
3	1	9649645	9649687	9649666	42
3	1	18413126	18413346	18413236	220
3	1	23578489	25395186	24486837	1816697
3	1	27989927	27990155	27990041	228
3	1	28651893	28707111	28679502	55218
3	2	14884146	14884716	14884431	570
3	2	16781147	16782510	16781829	1363
3	3	1727244	1728216	1727730	972
3	3	2177215	2177347	2177281	132
3	3	6154292	8282562	7218427	2128270
3	3	9970023	9971356	9970689	1333
3	3	17551986	17552472	17552229	486
4	1	5638779	5638876	5638827	97
4	1	6885300	6885664	6885482	364
4	1	8137899	18196812	13167355	10058913
4	1	21016801	21017506	21017153	705
4	1	24917120	24917376	24917248	256
4	2	6308851	6309098	6308975	247
4	2	8673082	8675034	8674058	1952
4	2	10105258	10105433	10105346	175
4	2	12011048	12011492	12011270	444
4	3	1648982	1653409	1651196	4427
4	3	2257141	2257586	2257363	445
4	3	3664090	3664178	3664134	88
4	3	5418342	5418902	5418622	560
4	3	6970532	6986764	6978648	16232
4	3	18208642	18208895	18208768	253
4	4	89414	89476	89445	62
4	4	6370440	6370798	6370619	358
4	5	269658	270140	269899	482
4	5	1493747	1494938	1494343	1191
4	5	2278030	8600997	5439514	6322967
4	5	18718892	18720366	18719629	1474
4	5	20070931	20072487	20071709	1556
4	5	20557341	20557463	20557402	122
4	5	21611277	21612533	21611905	1256
5	1	210850	266254	238552	55404
5	1	8863024	8863343	8863184	319
5	1	9698514	9701155	9699834	2641
5	1	10547236	10547553	10547394	317
5	2	13840701	13842763	13841732	2062
5	2	17814036	17818369	17816202	4333
6	1	2808268	2809650	2808959	1382
6	1	7704631	7705248	7704939	617
6	2	13179075	13179887	13179481	812
6	2	14481724	14481740	14481732	16
6	3	19234220	19236822	19235521	2602
6	3	21263107	21263872	21263489	765
6	5	23790818	23792149	23791484	1331
6	5	24954326	24954450	24954388	124
7	1	183808	207856	195832	24048
7	1	1124879	1131718	1128299	6839
7	1	2298564	3526384	2912474	1227820
7	1	5119148	5123732	5121440	4584
7	1	6017009	6017454	6017231	445
7	1	8527998	8528228	8528113	230
7	1	21709255	21709363	21709309	108
7	2	9396583	9397346	9396965	763
7	2	13912977	13913348	13913163	371
7	2	14346688	14347535	14347112	847
7	2	16287118	16288759	16287938	1641
7	4	12621706	12621996	12621851	290
7	4	15971627	15972314	15971971	687
7	5	7098209	7100967	7099588	2758
7	5	19159862	19160029	19159946	167
8	3	4849185	4849481	4849333	296
8	3	18958530	18958602	18958566	72
8	4	7811317	7812279	7811798	962
8	4	14051574	14052783	14052178	1209
9	1	10031312	10032561	10031936	1249
9	1	13142745	13143966	13143355	1221
9	1	23498972	23499363	23499168	391
9	1	27838557	27838742	27838649	185
9	2	14428356	14429294	14428825	938
9	2	16648496	16648541	16648518	45
9	3	406965	408844	407905	1879
9	3	7049755	7051506	7050631	1751
9	4	7461544	7462068	7461806	524
9	4	8105206	8105765	8105486	559
9	4	8603163	8604632	8603897	1469
9	4	14330660	14330899	14330780	239
9	4	15204543	15206109	15205326	1566
9	4	17969976	17970787	17970382	811
9	5	3132649	3132657	3132653	8
9	5	3851004	3851699	3851352	695
9	5	9002644	9003896	9003270	1252
9	5	14706540	14707094	14706817	554
9	5	16178786	21441595	18810190	5262809
9	5	23223138	23223775	23223456	637
9	5	24782084	24782534	24782309	450
10	1	4527060	4529000	4528030	1940
10	1	4967219	4969845	4968532	2626
10	3	469557	471989	470773	2432
10	3	1244004	1246180	1245092	2176
10	3	4437135	4439720	4438427	2585
10	3	5764990	5766343	5765666	1353
10	3	6705633	6705940	6705787	307
10	3	8033512	8034094	8033803	582
10	3	15605451	15605602	15605527	151
10	3	19896359	19897232	19896795	873
10	4	7463073	7463965	7463519	892
10	4	8605455	8606624	8606039	1169
10	4	10798824	10799246	10799035	422
10	4	13073950	13075040	13074495	1090
10	4	13532756	13532903	13532830	147
10	4	14119064	14120740	14119902	1676
10	5	1507237	1507420	1507329	183
10	5	3020529	3026985	3023757	6456
10	5	3829814	8080970	5955392	4251156
10	5	20805528	20807633	20806580	2105
10	5	23236648	23239378	23238013	2730
11	3	20480562	20480903	20480732	341
11	3	21468762	21492444	21480603	23682
11	4	125589	126194	125891	605
11	4	1213378	1213579	1213478	201
11	5	16428883	16429814	16429349	931
11	5	23097129	23098340	23097735	1211
12	1	1137318	1138098	1137708	780
12	1	4837891	4841040	4839465	3149
12	1	5284822	11598488	8441655	6313666
12	1	17251775	17251818	17251797	43
12	1	23414065	23414824	23414445	759
12	3	3284381	3290911	3287646	6530
12	3	19016057	19016226	19016141	169
13	1	9730682	9739614	9735148	8932
13	1	19007704	19007991	19007848	287
13	1	20948514	20949886	20949200	1372
13	1	25705029	25705175	25705102	146
13	2	14658260	14659515	14658888	1255
13	2	15148970	15150062	15149516	1092
13	2	17086526	17089012	17087769	2486
13	2	17814036	17818369	17816202	4333
13	3	4264744	4266349	4265546	1605
13	3	4830786	4833045	4831916	2259
13	3	8652722	16308355	12480538	7655633
13	3	16848736	16849062	16848899	326
13	3	22164783	22165307	22165045	524
13	4	744173	745995	745084	1822
13	4	7342147	7342274	7342211	127
13	5	19754	23126	21440	3372
13	5	1536857	1538776	1537817	1919
13	5	5309491	20489496	12899493	15180005
13	5	20943754	20944301	20944028	547
13	5	25199080	25200627	25199854	1547
14	2	7283849	7284313	7284081	464
14	2	7719655	7720078	7719867	423
14	2	10858432	10858811	10858622	379
14	2	11938498	11939797	11939148	1299
14	2	14651006	15082680	14866843	431674
14	2	17365827	17369608	17367717	3781
14	2	18538841	18539861	18539351	1020
14	3	389200	389797	389498	597
14	3	1307188	1307370	1307279	182
14	3	4123260	4124194	4123727	934
14	3	9737226	9737403	9737314	177
14	3	17240075	17240209	17240142	134
14	3	19555252	19557061	19556156	1809
14	4	8397582	8399352	8398467	1770
14	4	9567611	9568339	9567975	728
14	5	6951113	6951857	6951485	744
14	5	19367476	19368236	19367856	760
14	5	19995927	20460871	20228399	464944
14	5	21283829	21284011	21283920	182
14	5	24615071	24615859	24615465	788
15	1	12502802	12502921	12502862	119
15	1	28856206	28859116	28857661	2910
15	2	11756084	11756441	11756262	357
15	2	17003052	17004248	17003650	1196
15	3	1621563	1622545	1622054	982
15	3	16622513	16624353	16623433	1840
15	4	526673	526874	526773	201
15	4	18001566	18002419	18001992	853
16	1	28234654	28238620	28236637	3966
16	1	30037691	30037771	30037731	80
16	3	18992075	18992601	18992338	526
16	3	19595156	19595927	19595542	771
16	5	2464698	2465663	2465180	965
16	5	6337115	6337945	6337530	830
16	5	7003091	20222078	13612585	13218987
16	5	21308388	21309698	21309043	1310
16	5	22813932	22816931	22815432	2999
16	5	25233780	25234489	25234134	709
16	5	26207071	26208591	26207831	1520
17	1	266733	266846	266789	113
17	1	4529000	4529181	4529090	181
17	1	6059360	6061846	6060603	2486
17	1	17916654	17919363	17918008	2709
17	3	3217586	3217974	3217780	388
17	3	3813434	3813760	3813597	326
17	3	7632994	18837460	13235227	11204466
17	3	20136588	20139374	20137981	2786
17	3	20733714	20733742	20733728	28
17	3	21247571	21247821	21247696	250
17	3	23290413	23291586	23290999	1173
18	1	1282224	1282314	1282269	90
18	1	2887072	2888475	2887774	1403
18	1	3507429	3512840	3510135	5411
18	1	18876185	18876220	18876203	35
18	2	13781317	13782937	13782127	1620
18	2	15209628	15210117	15209872	489
18	3	16423031	16428219	16425625	5188
18	3	19215305	19216013	19215659	708
18	4	8970740	8971241	8970990	501
18	4	10597830	10598094	10597962	264
18	5	2068951	2070455	2069703	1504
18	5	3891548	3904231	3897890	12683
18	5	4680023	4680064	4680043	41
18	5	5899879	5900369	5900124	490
18	5	6850833	6852188	6851511	1355
18	5	9837698	9838196	9837947	498
18	5	16203435	16204134	16203785	699
18	5	17741648	17741898	17741773	250
18	5	19143274	19144203	19143738	929
18	5	20939994	20941287	20940640	1293
19	1	1730896	1731568	1731232	672
19	1	8105826	8106156	8105991	330
19	2	11012479	11013424	11012951	945
19	2	11947626	11948272	11947949	646
19	2	12783726	12784025	12783876	299
19	2	15647958	15650096	15649027	2138
20	1	5325156	5325572	5325364	416
20	1	7925420	7929066	7927243	3646
20	1	10721638	18431174	14576406	7709536
20	1	19108370	19109179	19108774	809
20	1	26539325	26539633	26539479	308
20	5	6850833	6852188	6851511	1355
20	5	7884077	7884455	7884266	378
21	1	5289584	5293310	5291447	3726
21	1	7370243	7370436	7370339	193
21	1	9650422	9650898	9650660	476
21	1	10535572	10536895	10536234	1323
21	1	11667833	11669352	11668593	1519
21	1	17826059	17826232	17826145	173
21	2	6959762	6959958	6959860	196
21	2	11295356	11296174	11295765	818
21	2	15158161	15158329	15158245	168
21	2	18344270	18347162	18345716	2892
21	2	19145882	19147905	19146894	2023
21	2	19687774	19689120	19688447	1346
21	3	5060615	5061066	5060841	451
21	3	6179343	6179797	6179570	454
21	5	20471395	20471589	20471492	194
21	5	21355568	21356157	21355862	589
22	1	154679	157407	156043	2728
22	1	1243087	1276616	1259851	33529
22	1	3806736	21359468	12583102	17552732
22	1	28671057	28691629	28681343	20572
22	1	29517670	29519162	29518416	1492
23	3	2889198	2890621	2889910	1423
23	3	5135037	5142262	5138649	7225
23	5	16737756	16738016	16737886	260
23	5	23248305	23255309	23251807	7004
24	1	18956064	18970944	18963504	14880
24	1	25253343	25254725	25254034	1382
24	1	26964865	26965671	26965268	806
24	1	30304689	30305335	30305012	646
24	2	11145166	11146309	11145738	1143
24	2	15764744	15765639	15765192	895
24	3	906854	908004	907429	1150
24	3	2910339	2911506	2910923	1167
24	3	7968786	10249734	9109260	2280948
24	3	18661977	18662233	18662105	256
24	3	19253752	19255707	19254730	1955
24	4	190806	193761	192284	2955
24	4	9944029	9945128	9944579	1099
24	5	2085884	2086692	2086288	808
24	5	2896854	2896988	2896921	134
24	5	3990159	4634542	4312351	644383
24	5	20149381	20186431	20167906	37050
24	5	23165567	23175151	23170359	9584
25	1	9050971	9062110	9056541	11139
25	1	12686193	12687068	12686631	875
25	1	18827149	18827708	18827429	559
25	1	20602978	20605860	20604419	2882
25	2	14006198	14007282	14006740	1084
25	2	18462676	18463587	18463132	911
25	3	4377450	4378346	4377898	896
25	3	8866810	8871215	8869012	4405
25	3	20801587	20802165	20801876	578
25	3	22009541	22012959	22011250	3418
25	5	2033992	2034809	2034400	817
25	5	4216969	4217338	4217153	369
25	5	9722169	9722190	9722179	21
25	5	21435966	21436508	21436237	542
25	5	24753021	24757178	24755099	4157
25	5	25466110	25466850	25466480	740
26	1	797322	810708	804015	13386
26	1	10680501	10680631	10680566	130
27	2	12868351	12869964	12869157	1613
27	2	17925170	17927744	17926457	2574
27	3	6521894	6529843	6525868	7949
27	3	20365650	20367127	20366388	1477
27	4	9134400	9134404	9134402	4
27	4	12965613	12966506	12966059	893
27	5	19647940	19648133	19648036	193
27	5	21226949	21227410	21227179	461
28	1	7175615	7176838	7176227	1223
28	1	11472652	11472778	11472715	126
28	2	8167394	8168512	8167953	1118
28	2	13812911	13818110	13815511	5199
28	2	16318242	16377503	16347872	59261
28	2	19051669	19051923	19051796	254
28	2	19582502	19582660	19582581	158
28	3	549625	554683	552154	5058
28	3	1653409	1654434	1653921	1025
28	3	4721194	4722210	4721702	1016
28	3	7538200	7539400	7538800	1200
28	3	10383897	10384263	10384080	366
28	3	11463658	11465295	11464476	1637
28	3	17513755	17513825	17513790	70
28	3	21492444	21513104	21502774	20660
28	4	12771205	12774893	12773049	3688
28	4	13858064	13859640	13858852	1576
28	5	277368	278353	277860	985
28	5	716439	717534	716987	1095
28	5	2101443	2101465	2101454	22
28	5	2938597	2940277	2939437	1680
28	5	4071991	22326626	13199309	18254635
28	5	24533772	24534724	24534248	952
28	5	25440234	25440631	25440432	397
29	1	612952	614273	613612	1321
29	1	2104746	2105166	2104956	420
29	1	5813067	5814149	5813608	1082
29	1	6224081	6227484	6225783	3403
29	1	7153779	7154314	7154047	535
29	1	13458778	13459102	13458940	324
29	2	5951310	5953482	5952396	2172
29	2	13804439	13804464	13804451	25
29	3	2146221	2147176	2146699	955
29	3	2760734	2761022	2760878	288
29	3	3591390	5165948	4378669	1574558
29	3	6096895	6097310	6097103	415
29	3	8219218	8219385	8219302	167
29	3	17534669	17535928	17535299	1259
29	3	18064520	18064734	18064627	214
29	3	22020697	22020875	22020786	178
29	3	23280828	23280934	23280881	106
29	4	7948693	7948703	7948698	10
29	4	8827988	8831411	8829700	3423
29	5	6950804	6951113	6950958	309
29	5	7976660	7976949	7976804	289
29	5	24389082	24389762	24389422	680
29	5	25940326	25940779	25940552	453
30	1	71348	88300	79824	16952
30	1	6813411	6813996	6813703	585
30	2	9516312	9518183	9517248	1871
30	2	17848787	17849595	17849191	808
30	3	3313590	3334922	3324256	21332
30	3	11523980	11524278	11524129	298
30	5	2522196	2523592	2522894	1396
30	5	3547090	3547564	3547327	474
30	5	4650512	4651560	4651036	1048
30	5	6526430	6527432	6526931	1002
31	1	371972	372675	372324	703
31	1	850465	858097	854281	7632
31	1	1749991	12447500	7098745	10697509
31	1	19822463	19822802	19822633	339
31	1	23804096	23805941	23805018	1845
31	1	26281686	26281860	26281773	174
31	1	28247505	28247579	28247542	74
31	2	5072664	5072777	5072720	113
31	2	6796694	6801370	6799032	4676
31	3	41293	41298	41295	5
31	3	1494685	1495582	1495133	897
31	3	2022335	7035629	4528982	5013294
31	3	19082713	19084363	19083538	1650
31	3	21694192	21702613	21698402	8421
32	3	6841161	6841272	6841217	111
32	3	8497369	8497891	8497630	522
32	3	18645475	18645728	18645601	253
32	3	19625753	19626874	19626313	1121
32	4	9944029	9945128	9944579	1099
32	4	11215039	11216256	11215647	1217
32	5	45012	45111	45062	99
32	5	1160264	1161099	1160682	835
32	5	1707886	8777233	5242560	7069347
32	5	15749648	15750467	15750058	819
32	5	16729582	16732401	16730992	2819
32	5	21717721	21718014	21717867	293
32	5	25147837	25149443	25148640	1606
33	1	968896	971198	970047	2302
33	1	6897344	6898729	6898036	1385
33	1	22932790	22932869	22932830	79
33	1	28327062	28327089	28327076	27
33	2	14852657	14852887	14852772	230
33	2	16982848	16984006	16983427	1158
33	4	5704386	5705252	5704819	866
33	4	13936574	13939714	13938144	3140
34	1	12431148	12433284	12432216	2136
34	1	18920429	19007991	18964210	87562
34	1	20245070	20251024	20248047	5954
34	1	22299503	22302768	22301135	3265
34	2	7636240	7636620	7636430	380
34	2	8681126	8681546	8681336	420
34	2	16322054	16327384	16324719	5330
34	2	19048717	19050712	19049715	1995
34	3	4977922	4977976	4977949	54
34	3	7051506	7052140	7051823	634
34	3	7864457	7866053	7865255	1596
34	3	10412709	10412831	10412770	122
34	3	18757411	18757439	18757425	28
34	3	19928307	19928424	19928365	117
34	4	11583744	11583952	11583848	208
34	4	12396758	12397283	12397020	525
34	4	13663919	13663986	13663953	67
34	4	14330660	14330899	14330780	239
34	5	123516	123542	123529	26
34	5	3123308	3125044	3124176	1736
34	5	5899519	5899759	5899639	240
34	5	10296719	10297103	10296911	384
35	1	10088047	10088672	10088359	625
35	1	17858993	17859206	17859099	213
35	1	19617482	19617698	19617590	216
35	1	28517495	28517948	28517721	453
35	5	314630	315242	314936	612
35	5	5945547	5947689	5946618	2142
36	1	4320145	4322716	4321431	2571
36	1	6499626	6499836	6499731	210
36	1	8294866	8295815	8295340	949
36	1	18801968	18802523	18802246	555
36	1	25863642	25864122	25863882	480
36	1	27403000	27404519	27403760	1519
36	2	14884146	14884716	14884431	570
36	2	17516501	17517658	17517079	1157
36	3	520421	520843	520632	422
36	3	1039620	1047396	1043508	7776
36	3	2751737	2752206	2751971	469
36	3	5480845	5481225	5481035	380
36	3	6800827	6802517	6801672	1690
36	3	19136205	19136540	19136373	335
36	4	8539316	8539384	8539350	68
36	4	10058293	10058777	10058535	484
36	5	5866930	5867199	5867064	269
36	5	17684006	17686833	17685420	2827
37	1	4979083	4980034	4979559	951
37	1	6860919	6862064	6861491	1145
37	1	7777957	7780266	7779111	2309
37	1	12367292	12367589	12367440	297
37	2	1933781	1933862	1933821	81
37	2	9541565	9543440	9542503	1875
37	2	11380199	11381085	11380642	886
37	2	12004160	12005391	12004776	1231
37	3	9218378	9218429	9218404	51
37	3	17223673	17223810	17223741	137
37	3	17859537	17859976	17859757	439
37	3	19481099	19481307	19481203	208
37	4	9874455	9875431	9874943	976
37	4	12786342	12786665	12786504	323
37	5	13884469	13884755	13884612	286
37	5	26873215	26873287	26873251	72
38	1	22218550	22218698	22218624	148
38	1	28157752	28158177	28157964	425
38	2	9525997	9530265	9528131	4268
38	2	12994850	12995384	12995117	534
38	3	1793619	1793677	1793648	58
38	3	5707543	5708997	5708270	1454
38	5	6750333	6751553	6750943	1220
38	5	10264320	10264946	10264633	626
38	5	14064947	14065190	14065069	243
38	5	25085545	25086083	25085814	538
39	1	210850	266254	238552	55404
39	1	2205974	2208201	2207088	2227
39	1	9454815	9456960	9455887	2145
39	1	28760401	28815123	28787762	54722
39	2	11280666	11281086	11280876	420
39	2	15328559	15328622	15328591	63
39	3	10304686	10306909	10305798	2223
39	3	15929639	15930000	15929819	361
39	5	1917646	1917668	1917657	22
39	5	4268971	4270331	4269651	1360
40	1	19007704	19007991	19007848	287
40	1	19908093	19908293	19908193	200
40	5	21645830	21647135	21646482	1305
40	5	25179762	25180290	25180026	528
41	1	20600365	20602113	20601239	1748
41	1	21046632	21052089	21049360	5457
41	3	4673496	4673621	4673558	125
41	3	23126063	23132471	23129267	6408
41	5	21776472	21776670	21776571	198
41	5	23388881	23388986	23388933	105
41	5	25146314	25146430	25146372	116
41	5	26748853	26749055	26748954	202
42	1	25724742	25726065	25725404	1323
42	1	30278172	30278753	30278462	581
42	3	2697544	2698761	2698152	1217
42	3	19553492	19555252	19554372	1760
42	4	1069457	1070636	1070047	1179
42	4	12682341	12685606	12683973	3265
42	5	2960892	2961808	2961350	916
42	5	18638467	18639121	18638794	654
43	1	4246803	4249323	4248063	2520
43	1	6975620	6976899	6976260	1279
43	2	12469846	12471348	12470597	1502
43	2	16700581	16700928	16700755	347
43	3	1837786	1838148	1837967	362
43	3	18801168	18802435	18801802	1267
43	4	17303775	17305959	17304867	2184
43	4	18252525	18253892	18253209	1367
43	5	17990410	17990767	17990588	357
43	5	19172050	19172367	19172208	317
43	5	21751487	21763740	21757613	12253
43	5	23070555	23071640	23071097	1085
43	5	24130710	24132379	24131544	1669
43	5	24621539	24622147	24621843	608
44	1	7674749	7675677	7675213	928
44	1	12053761	12061061	12057411	7300
44	3	4319729	4330506	4325117	10777
44	3	21059701	21059941	21059821	240
44	3	22794359	22794519	22794439	160
44	3	23316584	23317858	23317221	1274
44	5	23708567	23709398	23708983	831
44	5	25891341	25893725	25892533	2384
45	1	3833068	3834348	3833708	1280
45	1	6463142	6463686	6463414	544
45	1	7016862	7017501	7017182	639
45	1	9464066	9467898	9465982	3832
45	1	10575865	10576492	10576179	627
45	1	24149899	24150492	24150195	593
45	2	11580828	11581554	11581191	726
45	2	12236457	12238754	12237605	2297
45	3	6752267	6752717	6752492	450
45	3	7582516	7582931	7582724	415
45	3	9456597	10076024	9766311	619427
45	3	10664085	10664422	10664253	337
45	3	18343175	18343815	18343495	640
45	3	19159879	19162282	19161081	2403
45	3	19776533	19779968	19778251	3435
46	1	20449800	20456719	20453260	6919
46	1	25186252	25186938	25186595	686
46	3	4848787	4849185	4848986	398
46	3	6226190	6226819	6226504	629
46	3	7259730	7263805	7261768	4075
46	3	9591753	9591873	9591813	120
46	4	6841201	6845098	6843149	3897
46	4	8438806	8438956	8438881	150
46	4	11641065	11642402	11641733	1337
46	4	13673351	13674650	13674001	1299
46	5	174865	175908	175387	1043
46	5	2208290	2208704	2208497	414
46	5	3132228	3132450	3132339	222
46	5	5704741	5706453	5705597	1712
47	1	2852039	2857210	2854625	5171
47	1	6623446	6623991	6623718	545
47	2	6801071	6801370	6801221	299
47	2	8429163	8430413	8429788	1250
47	3	7523944	7526831	7525388	2887
47	3	18877176	18878126	18877651	950
47	3	19357130	19364662	19360896	7532
47	3	22498902	22498915	22498908	13
47	4	5709729	5710119	5709924	390
47	4	8493981	8494026	8494003	45
47	5	533716	533787	533752	71
47	5	1740854	1741385	1741120	531
47	5	2873212	2874908	2874060	1696
47	5	3811543	3811618	3811581	75
47	5	6034324	6852188	6443256	817864
47	5	16056696	16056762	16056729	66
47	5	21056128	21056309	21056218	181
47	5	22724170	22728104	22726137	3934
47	5	24252206	24252309	24252258	103
48	1	266733	266846	266789	113
48	1	1893881	1894008	1893945	127
48	1	2390279	9429519	5909899	7039240
48	1	10677698	10677721	10677710	23
48	1	12221225	12221454	12221339	229
48	1	13077389	13077492	13077441	103
48	1	17251903	17252118	17252011	215
48	1	22075921	22076657	22076289	736
48	1	24499035	24499061	24499048	26
48	2	1723725	1725191	1724458	1466
48	2	8133663	8140037	8136850	6374
48	2	9752535	9752795	9752665	260
48	2	10395040	10395198	10395119	158
48	3	3284381	3290911	3287646	6530
48	3	6097310	6098399	6097854	1089
48	3	6567387	6567732	6567559	345
48	3	21654731	21656386	21655559	1655
48	4	7308343	7308349	7308346	6
48	4	8333274	8334971	8334122	1697
49	1	4273900	4275011	4274456	1111
49	1	6960579	6962410	6961495	1831
49	1	9448345	9453140	9450743	4795
49	1	17370594	17371634	17371114	1040
49	2	8453078	8453085	8453082	7
49	2	10083953	10084593	10084273	640
49	3	1032655	1033000	1032827	345
49	3	6085852	6086496	6086174	644
49	3	9710819	9711363	9711091	544
49	3	16219172	16227545	16223358	8373
49	3	17889133	17889326	17889229	193
49	3	19648925	19649140	19649033	215
49	5	7952232	7952770	7952501	538
49	5	23299755	23300068	23299911	313
50	1	1850902	1851288	1851095	386
50	1	4782078	4783252	4782665	1174
50	1	7522673	7660913	7591793	138240
50	1	8177890	8178003	8177946	113
50	1	10841461	10845300	10843381	3839
50	2	14884146	14884716	14884431	570
50	2	19467401	19467406	19467403	5
50	5	1444591	1447030	1445811	2439
50	5	3070749	3071064	3070907	315
50	5	4830711	6597071	5713891	1766360
50	5	7932446	7933094	7932770	648
50	5	9850802	9851526	9851164	724
51	2	13811888	13812117	13812002	229
51	2	19460557	19467282	19463919	6725
51	3	1054190	1055555	1054872	1365
51	3	2677397	2679833	2678615	2436
51	3	3506755	3506849	3506802	94
51	3	4444826	4452589	4448708	7763
51	4	6207835	6208208	6208021	373
51	4	7423999	7424889	7424444	890
51	4	8391572	8448700	8420136	57128
51	4	9944029	9945128	9944579	1099
51	4	10896792	10897967	10897380	1175
51	5	21546751	21547337	21547044	586
51	5	22094158	22100357	22097258	6199
51	5	24922993	24923905	24923449	912
51	5	25695680	25696914	25696297	1234
52	1	792084	797322	794703	5238
52	1	3031852	3032106	3031979	254
52	2	17369922	17371235	17370578	1313
52	2	18873394	18874851	18874122	1457
52	3	4094056	4102643	4098350	8587
52	3	6537080	6567142	6552111	30062
52	3	8768022	8768826	8768424	804
52	3	9173910	9173965	9173938	55
52	5	3289640	3290044	3289842	404
52	5	7892363	7892488	7892425	125
52	5	16735358	16736148	16735753	790
52	5	18712111	18712491	18712301	380
53	1	210850	266254	238552	55404
53	1	4269058	4270950	4270004	1892
53	1	5643755	5645258	5644507	1503
53	1	18436137	18436381	18436259	244
53	2	10367886	10368069	10367978	183
53	2	12361056	12362096	12361576	1040
53	5	956191	956579	956385	388
53	5	5901092	5901845	5901468	753
53	5	16468238	16468770	16468504	532
53	5	18520256	18524719	18522488	4463
54	1	1201556	1201757	1201656	201
54	1	8180557	8181523	8181040	966
54	2	7667650	7667735	7667692	85
54	2	16971862	16972574	16972218	712
54	3	3694411	3694423	3694417	12
54	3	5371646	5372409	5372028	763
55	1	567211	567457	567334	246
55	1	971198	986719	978958	15521
55	1	3021009	3021141	3021075	132
55	1	4969845	4977190	4973517	7345
55	1	8230298	8232155	8231226	1857
55	1	9261289	9276879	9269084	15590
55	1	13168717	13168951	13168834	234
55	1	27149048	27150030	27149539	982
55	2	11098167	11098372	11098269	205
55	2	11955974	11958488	11957231	2514
55	2	13141214	13141824	13141519	610
55	2	14210981	14213058	14212019	2077
55	2	16857140	16857437	16857288	297
55	2	18174768	18177528	18176148	2760
55	3	18761082	18762380	18761731	1298
55	3	19624429	19624923	19624676	494
55	5	8265739	8265957	8265848	218
55	5	21817943	21819258	21818601	1315
56	1	3116880	3121154	3119017	4274
56	1	4654541	4690603	4672572	36062
56	1	6882947	6883276	6883111	329
56	1	9462249	9463085	9462667	836
56	1	10888194	10888988	10888591	794
56	1	26143168	26143440	26143304	272
56	3	116833	120693	118763	3860
56	3	927954	928207	928080	253
56	3	3594726	3595414	3595070	688
56	3	6164355	6164430	6164393	75
56	3	6709958	6713521	6711740	3563
56	3	21706390	21706682	21706536	292
56	5	3031932	3044373	3038152	12441
56	5	7180439	7180850	7180645	411
56	5	20699318	20699972	20699645	654
56	5	22434462	22435420	22434941	958
57	4	1379301	1379708	1379505	407
57	4	18336724	18338409	18337566	1685
57	5	5513303	5514403	5513853	1100
57	5	8227524	8227668	8227596	144
57	5	14948069	14948127	14948098	58
57	5	20776094	20776157	20776126	63
58	1	12550315	12553676	12551995	3361
58	1	26376744	26377930	26377337	1186
58	2	9495319	9495876	9495597	557
58	2	10105433	10106066	10105749	633
58	3	4056808	4061099	4058954	4291
58	3	4605058	4605067	4605062	9
58	5	6339070	6339283	6339176	213
58	5	8879196	8882198	8880697	3002
58	5	20120494	20127631	20124062	7137
58	5	20539904	20540790	20540347	886
59	1	6074760	6074768	6074764	8
59	1	7822672	7822791	7822732	119
59	1	8535384	8535425	8535404	41
59	1	17353421	17353529	17353475	108
59	2	10350726	10351048	10350887	322
59	2	13572016	13573581	13572798	1565
59	2	15297872	15299459	15298666	1587
59	2	17154570	17158433	17156502	3863
59	3	1981385	1981885	1981635	500
59	3	2464533	2465821	2465177	1288
59	4	12264036	12264333	12264184	297
59	4	15666861	15670561	15668711	3700
59	5	9219662	9220041	9219852	379
59	5	14235406	14238284	14236845	2878
59	5	18708435	22739695	20724065	4031260
59	5	24612473	24613811	24613142	1338
59	5	25234938	25236808	25235873	1870
60	1	3693660	3693829	3693744	169
60	1	6653778	6656405	6655092	2627
60	1	7446994	8431089	7939042	984095
60	1	21238330	21240887	21239608	2557
60	1	22783568	22784142	22783855	574
60	1	25642382	25642492	25642437	110
60	1	26748753	26756530	26752641	7777
60	2	375734	376090	375912	356
60	2	1007897	1008190	1008043	293
60	3	425714	429345	427530	3631
60	3	7627022	7628819	7627920	1797
60	4	6477361	6477700	6477531	339
60	4	14795075	14795591	14795333	516
60	5	20908042	20908476	20908259	434
60	5	21663981	21665866	21664923	1885
61	1	9617065	9617820	9617443	755
61	1	17353421	17353529	17353475	108
61	1	23378422	23379851	23379136	1429
61	1	28476821	28477388	28477105	567
61	2	9002083	9002252	9002167	169
61	2	11857425	11859173	11858299	1748
61	2	12561136	12561398	12561267	262
61	2	14473340	14473371	14473356	31
61	4	7274383	7274601	7274492	218
61	4	8473704	8474301	8474002	597
61	5	2095473	2095782	2095627	309
61	5	2825460	2831387	2828424	5927
61	5	3327129	3329363	3328246	2234
61	5	4372126	4373886	4373006	1760
61	5	4873353	4873794	4873573	441
61	5	5894225	5894478	5894351	253
61	5	15880505	15880667	15880586	162
61	5	16935128	16935210	16935169	82
62	1	850465	858097	854281	7632
62	1	2101854	2104074	2102964	2220
62	1	2852039	3823823	3337931	971784
62	1	6869116	6869843	6869480	727
62	1	7600207	7602632	7601419	2425
62	1	8384601	8385017	8384809	416
62	1	19221661	19225631	19223646	3970
62	1	20235496	20236696	20236096	1200
62	1	24122959	24123720	24123339	761
62	1	26661370	26662496	26661933	1126
62	1	27164438	27165985	27165212	1547
62	3	5789712	5791783	5790748	2071
62	3	6529843	6529863	6529853	20
62	3	7540785	22189811	14865298	14649026
62	3	22882080	22886784	22884432	4704
62	3	23428713	23429626	23429169	913
62	4	6426007	6426017	6426012	10
62	4	9118054	9118995	9118524	941
62	4	10712671	13914096	12313383	3201425
62	4	14357462	14359020	14358241	1558
62	4	17194742	17195157	17194950	415
62	5	5409576	5411141	5410358	1565
62	5	23333212	23333356	23333284	144
63	1	2404671	2405370	2405021	699
63	1	6015934	6017009	6016472	1075
63	1	8172229	10036211	9104220	1863982
63	1	19661719	19663215	19662467	1496
63	1	27336476	27336679	27336578	203
63	2	11598794	11599507	11599150	713
63	2	15828249	15829243	15828746	994
63	3	80201	80465	80333	264
63	3	1164681	1164903	1164792	222
63	3	4995187	6265951	5630569	1270764
63	3	8574909	8576243	8575576	1334
63	3	18471530	18473622	18472576	2092
64	1	560551	562860	561705	2309
64	1	1737485	1739832	1738659	2347
64	1	6643979	6645247	6644613	1268
64	1	7040667	7041074	7040871	407
64	3	15183284	15183851	15183568	567
64	3	18172911	18175271	18174091	2360
64	5	7915857	7916186	7916021	329
64	5	20753330	20754966	20754148	1636
65	1	10262456	10262630	10262543	174
65	1	16787782	16788237	16788010	455
65	5	2625498	2627886	2626692	2388
65	5	3631616	3632947	3632282	1331
65	5	5203299	8080970	6642135	2877671
65	5	9529032	9529135	9529084	103
65	5	15526653	15527184	15526919	531
66	1	22273322	22274847	22274084	1525
66	1	26595758	26602850	26599304	7092
66	2	7944861	7946243	7945552	1382
66	2	17905376	17916319	17910848	10943
66	2	18444201	18444535	18444368	334
66	2	19624003	19624413	19624208	410
66	3	457233	457940	457587	707
66	3	6320064	6320982	6320523	918
67	1	2386464	2386860	2386662	396
67	1	3273300	3274595	3273948	1295
67	1	5322340	5324613	5323476	2273
67	1	27083453	27084388	27083921	935
67	2	15592386	15593296	15592841	910
67	2	17465753	17467285	17466519	1532
67	3	6948692	6970532	6959612	21840
67	3	8112555	8114951	8113753	2396
67	3	9152348	9152997	9152672	649
67	3	11759171	11759372	11759271	201
67	5	6767208	6767623	6767416	415
67	5	8919947	8921770	8920859	1823
68	1	19768533	19768764	19768649	231
68	1	25027501	25028406	25027953	905
68	1	26404050	26404546	26404298	496
68	1	28476821	28477388	28477105	567
68	2	13191584	13192011	13191798	427
68	2	16299245	16300710	16299977	1465
68	3	9845083	9846009	9845546	926
68	3	17691385	17692094	17691739	709
68	5	16454576	16456920	16455748	2344
68	5	17694279	17695021	17694650	742
68	5	23217719	23219077	23218398	1358
68	5	25477444	25479199	25478322	1755
69	1	971198	986719	978958	15521
69	1	1854009	1854631	1854320	622
69	1	2386860	2387932	2387396	1072
69	1	5976672	5976924	5976798	252
69	1	7985800	17253368	12619584	9267568
69	1	21467369	21467375	21467372	6
69	1	28930280	28930646	28930463	366
69	2	11776419	11776958	11776689	539
69	2	14801991	14812708	14807349	10717
69	2	15719854	15909465	15814660	189611
69	2	19008000	19009329	19008664	1329
69	2	19544492	19544792	19544642	300
69	3	3402152	3402837	3402494	685
69	3	4162677	4166405	4164541	3728
69	3	6090259	6146454	6118357	56195
69	3	7384764	7385571	7385168	807
69	3	8006589	8010293	8008441	3704
69	3	15903761	15903802	15903781	41
69	3	17244487	17245723	17245105	1236
69	3	17736098	17739236	17737667	3138
69	3	18465434	18466491	18465962	1057
69	4	9865445	9865729	9865587	284
69	4	10808817	10809464	10809141	647
69	4	11395063	11399326	11397195	4263
69	4	12372998	12373945	12373472	947
69	5	889893	890732	890313	839
69	5	2485705	2485852	2485779	147
69	5	3206360	3206576	3206468	216
69	5	3693139	3694573	3693856	1434
69	5	4650512	13913080	9281796	9262568
69	5	25753761	25754701	25754231	940
69	5	26203591	26205488	26204539	1897
70	1	11878702	11884144	11881423	5442
70	1	18073296	18075913	18074604	2617
70	1	19873401	19874388	19873895	987
70	1	24372194	24373187	24372690	993
70	2	255629	256737	256183	1108
70	2	1022377	1023113	1022745	736
70	3	5320752	5322200	5321476	1448
70	3	17511921	17512325	17512123	404
70	4	1003612	1003632	1003622	20
70	4	5925454	5926765	5926110	1311
70	4	10231574	10231771	10231672	197
70	4	18456290	18456525	18456408	235
71	1	5509546	5509866	5509706	320
71	1	6694039	6695021	6694530	982
71	1	7350581	7383357	7366969	32776
71	1	8937260	8938844	8938052	1584
71	1	21099119	21100049	21099584	930
71	3	5408660	5409235	5408948	575
71	3	15402378	15402754	15402566	376
71	3	17968551	17968753	17968652	202
71	3	21735964	21736700	21736332	736
71	5	2374258	2374269	2374264	11
71	5	3239625	3240751	3240188	1126
71	5	4987260	4988197	4987728	937
71	5	6429567	6430190	6429879	623
71	5	7808559	16777883	12293221	8969324
71	5	25399143	25400016	25399579	873
71	5	26918485	26918921	26918703	436
72	1	11221669	11222575	11222122	906
72	1	20179638	20179885	20179762	247
72	2	5675174	5676455	5675814	1281
72	2	9996478	9996685	9996582	207
73	1	8385017	8385787	8385402	770
73	1	12917740	12918082	12917911	342
73	1	19043546	19043833	19043690	287
73	1	22724868	22725178	22725023	310
73	1	24141730	24144345	24143038	2615
73	1	24825297	24825979	24825638	682
73	3	2348351	2349512	2348931	1161
73	3	4425464	4425607	4425536	143
73	3	5255728	5255916	5255822	188
73	3	6774415	6775372	6774893	957
73	3	7321883	7322239	7322061	356
73	3	19651506	19651605	19651556	99
73	3	21130465	21130701	21130583	236
73	3	22378092	22378200	22378146	108
73	4	8981006	8981389	8981198	383
73	4	12766809	12767770	12767289	961
73	5	22574802	22574880	22574841	78
73	5	25716719	25716838	25716779	119
74	4	10898180	10898345	10898262	165
74	4	12858746	12860195	12859470	1449
74	5	24758290	24761143	24759716	2853
74	5	26456443	26458198	26457321	1755
75	1	5322340	5324613	5323476	2273
75	1	6966310	6967202	6966756	892
75	2	9214493	9214877	9214685	384
75	2	10568722	10568886	10568804	164
75	2	11648375	11648776	11648575	401
75	2	12217028	12219101	12218064	2073
75	3	5165948	5182864	5174406	16916
75	3	5834981	5835106	5835043	125
76	1	5409251	5410031	5409641	780
76	1	7269901	7269903	7269902	2
76	1	20272327	20669794	20471061	397467
76	1	24288181	24288334	24288257	153
76	1	26092584	26094338	26093461	1754
76	1	27426833	27426864	27426849	31
76	1	29970074	29979973	29975024	9899
76	2	2201345	2202047	2201696	702
76	2	7951717	7954092	7952905	2375
76	2	10079635	10079829	10079732	194
76	2	11109439	11109569	11109504	130
76	5	7979855	7980019	7979937	164
76	5	8989270	8989611	8989440	341
76	5	21241003	21241461	21241232	458
76	5	21970508	21970675	21970592	167
77	1	1779272	1781121	1780196	1849
77	1	2435777	2436334	2436055	557
77	1	3443042	19500744	11471893	16057702
77	1	20839298	20839476	20839387	178
77	1	22267405	22267726	22267565	321
77	2	11013468	11015459	11014464	1991
77	2	14439717	14440152	14439935	435
77	3	22971316	22973489	22972402	2173
77	3	23412663	23412938	23412801	275
77	4	1436547	1437284	1436915	737
77	4	5368624	5368671	5368648	47
77	5	26096621	26097306	26096963	685
77	5	26605673	26606292	26605983	619
78	1	6678403	6679053	6678728	650
78	1	25408144	25408170	25408157	26
78	2	11294691	11295005	11294848	314
78	2	12289027	12289382	12289205	355
78	5	6140401	6140761	6140581	360
78	5	21776878	21778390	21777634	1512
78	5	22703313	22703671	22703492	358
78	5	24674596	24675313	24674954	717
79	1	9747887	9748630	9748259	743
79	1	11470992	11471209	11471100	217
79	1	19927229	19927795	19927512	566
79	1	20600281	20600365	20600323	84
79	2	13018058	13018475	13018266	417
79	2	14790123	14793183	14791653	3060
79	5	8562140	8562502	8562321	362
79	5	16840930	16841688	16841309	758
80	1	4526278	4527060	4526669	782
80	1	6231161	6231304	6231233	143
80	1	9728401	17819552	13773977	8091151
80	1	24868914	24869502	24869208	588
80	1	26514127	26514850	26514489	723
80	3	6746024	6747517	6746770	1493
80	3	7259730	7263805	7261768	4075
80	4	14137789	14138016	14137903	227
80	4	18241054	18244780	18242917	3726
80	5	8360478	8361320	8360899	842
80	5	18584164	18584384	18584274	220
80	5	21001533	21002556	21002045	1023
80	5	26626889	26627233	26627061	344
81	1	7861032	7865120	7863076	4088
81	1	20255999	20259919	20257959	3920
81	1	21028519	21032835	21030677	4316
81	1	22378748	22379086	22378917	338
81	4	10354010	10354827	10354418	817
81	4	18507910	18508100	18508005	190
82	1	27869584	27869924	27869754	340
82	1	29183540	29184175	29183858	635
82	2	9396583	9397346	9396965	763
82	2	14245893	14253264	14249579	7371
82	3	2541039	2542530	2541785	1491
82	3	4115834	4117279	4116556	1445
82	3	4751056	7868437	6309746	3117381
82	3	10249905	10256208	10253057	6303
82	3	16803579	16803678	16803629	99
82	4	1102670	1104046	1103358	1376
82	4	7144459	7145341	7144900	882
83	1	562860	563367	563114	507
83	1	1969492	1970920	1970206	1428
83	1	7172158	7172709	7172434	551
83	1	8404195	8404285	8404240	90
83	2	15898529	15899228	15898879	699
83	2	18815914	18817891	18816902	1977
83	3	167236	168285	167760	1049
83	3	3982141	3986808	3984475	4667
83	5	330713	330932	330823	219
83	5	1390237	1392983	1391610	2746
83	5	2397417	2398108	2397763	691
83	5	3914246	3933074	3923660	18828
84	1	183808	207856	195832	24048
84	1	1146913	1147537	1147225	624
84	2	8503032	8503212	8503122	180
84	2	13997153	14000726	13998939	3573
84	2	14428356	14429294	14428825	938
84	2	18072858	18075096	18073977	2238
84	3	17992802	17993078	17992940	276
84	3	18487461	18488444	18487953	983
84	3	19666652	19667602	19667127	950
84	3	20298178	20300032	20299105	1854
84	3	20868796	20869991	20869394	1195
84	3	22196482	22196838	22196660	356
84	4	12450369	12450579	12450474	210
84	4	13735651	13764990	13750321	29339
84	5	2351901	2352665	2352283	764
84	5	3052313	3054764	3053539	2451
84	5	4283094	6611335	5447214	2328241
84	5	7803340	7804126	7803733	786
84	5	22608688	22611342	22610015	2654
85	1	1744306	1745471	1744888	1165
85	1	5829830	5830946	5830388	1116
85	2	382229	383692	382961	1463
85	2	8695827	8696819	8696323	992
85	2	9404508	9405329	9404918	821
85	2	11561658	11562451	11562054	793
85	2	13657047	13657114	13657081	67
85	2	15494831	15494850	15494841	19
85	3	18363255	18365448	18364351	2193
85	3	21629053	21639875	21634464	10822
85	5	4275924	4276138	4276031	214
85	5	5235906	5237963	5236934	2057
86	2	699589	700790	700189	1201
86	2	14737190	14741695	14739442	4505
86	4	1175945	1177243	1176594	1298
86	4	14124934	14126662	14125798	1728
86	5	4376276	4378873	4377574	2597
86	5	5714252	5715612	5714932	1360
86	5	6935748	6936720	6936234	972
86	5	22178793	22179273	22179033	480
87	2	11823002	11824281	11823642	1279
87	2	13117688	13127258	13122473	9570
87	2	14119769	14120070	14119919	301
87	2	15695888	15697230	15696559	1342
87	2	17925170	17927744	17926457	2574
87	2	18472216	18473450	18472833	1234
87	3	19312262	19312285	19312274	23
87	3	22279142	22279184	22279163	42
87	5	5009311	5009536	5009423	225
87	5	6611600	6612141	6611870	541
87	5	21140919	21891934	21516427	751015
87	5	23005270	23005292	23005281	22
87	5	24531262	24531601	24531432	339
88	1	4898046	4899961	4899004	1915
88	1	5834726	5836762	5835744	2036
88	1	6522606	8098289	7310448	1575683
88	1	20340342	20342252	20341297	1910
88	1	27201412	27201730	27201571	318
88	3	3450171	3450197	3450184	26
88	3	6575993	6576312	6576153	319
88	4	525204	525215	525210	11
88	4	7483239	7483344	7483291	105
88	5	242129	242930	242529	801
88	5	2033992	2034809	2034400	817
88	5	4876617	4877059	4876838	442
88	5	23594589	23594955	23594772	366
89	1	1163183	1163523	1163353	340
89	1	5194787	5195362	5195075	575
89	1	7086348	7099357	7092852	13009
89	1	10546534	10546709	10546622	175
89	1	12436199	12436858	12436529	659
89	1	18323103	24137106	21230105	5814003
89	1	27639088	27639740	27639414	652
89	1	28086924	28087518	28087221	594
89	2	17168060	17170480	17169270	2420
89	2	18034341	18035324	18034833	983
89	3	35190	37066	36128	1876
89	3	892830	893010	892920	180
89	3	3163805	3164703	3164254	898
89	3	6521894	6529843	6525868	7949
89	3	7477552	7546118	7511835	68566
89	3	18053145	18057260	18055203	4115
89	3	21639875	21654694	21647285	14819
89	4	12867896	12868261	12868078	365
89	4	15069872	15070653	15070262	781
90	1	5061896	5070376	5066136	8480
90	1	7098732	7099357	7099044	625
90	1	8977128	9753494	9365311	776366
90	1	19604495	19608853	19606674	4358
90	1	26556059	26559548	26557803	3489
90	2	3023619	3023648	3023633	29
90	2	5391380	5391805	5391592	425
90	3	9140178	9140437	9140308	259
90	3	20377333	20378085	20377709	752
90	3	21551459	21557825	21554642	6366
90	3	22293364	22294395	22293880	1031
90	4	8836542	8836914	8836728	372
90	4	9374414	9375982	9375198	1568
91	1	2619464	2622605	2621034	3141
91	1	3085351	3088287	3086819	2936
91	4	8966430	8966984	8966707	554
91	4	10970039	10970731	10970385	692
91	5	17100654	17100817	17100736	163
91	5	24449553	24450535	24450044	982
92	1	4530451	4531439	4530945	988
92	1	7618530	7625108	7621819	6578
92	1	8723543	8723648	8723595	105
92	1	17363003	17366029	17364516	3026
92	1	25230873	25230911	25230892	38
92	1	26485808	26487793	26486800	1985
92	2	2023202	2023986	2023594	784
92	2	10582822	10583346	10583084	524
92	3	5483910	5485603	5484756	1693
92	3	6560320	6567142	6563731	6822
92	3	7371274	8895463	8133368	1524189
92	3	10446108	10449942	10448025	3834
92	3	18442286	18444954	18443620	2668
93	1	10148222	10148335	10148278	113
93	1	12629205	12630169	12629687	964
93	3	4254759	4257816	4256287	3057
93	3	5252876	5253129	5253002	253
93	3	17548642	17549329	17548986	687
93	3	19913837	19914283	19914060	446
93	5	21012490	21013109	21012800	619
93	5	24237655	24238541	24238098	886
94	1	27829653	27829931	27829792	278
94	1	28294848	28295833	28295340	985
94	2	15056693	15057449	15057071	756
94	2	16492401	16494468	16493435	2067
94	2	17444327	17445044	17444685	717
94	2	19405540	19406812	19406176	1272
94	3	3365455	3371744	3368599	6289
94	3	5079992	5124565	5102278	44573
94	3	6142921	6144169	6143545	1248
94	3	7943986	7944733	7944360	747
94	5	20970695	20970932	20970813	237
94	5	25533444	25535359	25534402	1915
95	1	1855506	1861567	1858536	6061
95	1	3354275	3361324	3357799	7049
95	1	9330869	9331592	9331231	723
95	1	11112720	11113809	11113264	1089
95	1	11914409	21422122	16668265	9507713
95	1	25301865	25302310	25302087	445
95	1	30241606	30242349	30241978	743
95	2	10850192	10850820	10850506	628
95	2	14180967	14181204	14181085	237
95	4	13461130	13461460	13461295	330
95	4	18567311	18569661	18568486	2350
95	5	837410	837533	837472	123
95	5	3237771	3239054	3238413	1283
95	5	16762689	20919158	18840923	4156469
95	5	22853370	22854055	22853712	685
95	5	25794984	25795583	25795284	599
96	1	15894550	15894635	15894592	85
96	1	23806861	23807270	23807065	409
96	1	26903771	26904015	26903893	244
96	1	28883552	28884867	28884210	1315
96	2	15284644	15285236	15284940	592
96	2	17040670	17041750	17041210	1080
96	3	10707606	10710064	10708835	2458
96	3	20531129	20531962	20531545	833
96	4	186173	186930	186551	757
96	4	10007430	10007762	10007596	332
