lib	chr	start	end	cos	width
2	5	809355	809907	809631	552
2	5	9303075	9303788	9303431	713
3	1	17390990	17391490	17391240	500
3	1	30370992	30371219	30371106	227
5	3	8721608	8722381	8721994	773
5	3	22360964	22361388	22361176	424
5	5	1538776	1539692	1539234	916
5	5	9973052	9973165	9973108	113
6	1	4739541	4740751	4740146	1210
6	1	25337461	25339085	25338273	1624
7	5	8597825	8598053	8597939	228
7	5	26668585	26668988	26668787	403
8	1	16641167	16641291	16641229	124
8	1	26683515	26683729	26683622	214
14	5	14529160	14529776	14529468	616
14	5	18740599	18740795	18740697	196
15	1	1202547	1203627	1203087	1080
15	1	23631563	23632109	23631836	546
15	5	2355124	2355677	2355400	553
15	5	8660761	8661179	8660970	418
22	5	1038093	1038346	1038219	253
22	5	23165567	23175151	23170359	9584
26	2	150557	150628	150593	71
26	2	9804515	9804516	9804515	1
28	3	11248029	11248107	11248068	78
28	3	20525845	20526113	20525979	268
29	5	842643	842690	842667	47
29	5	3846459	3851004	3848731	4545
30	1	2568127	2569526	2568827	1399
30	1	18553151	18553232	18553191	81
31	3	1020707	1020805	1020756	98
31	3	19685890	19686236	19686063	346
32	1	22089348	22114133	22101740	24785
32	1	30352556	30352674	30352615	118
35	1	8004992	8005824	8005408	832
35	1	23020844	23021229	23021036	385
35	3	647791	648329	648060	538
35	3	15774290	15774383	15774336	93
37	3	3086679	3087457	3087068	778
37	3	20695191	20695766	20695479	575
39	5	570667	571662	571165	995
39	5	24667485	24668098	24667791	613
45	5	15869880	15869927	15869904	47
45	5	24730381	24730988	24730685	607
47	5	6158107	6158888	6158497	781
47	5	26904731	26905680	26905205	949
49	5	8562502	8562863	8562682	361
49	5	20149381	20186431	20167906	37050
52	3	7599728	7599747	7599738	19
52	3	20564147	20565761	20564954	1614
54	5	15849912	15850258	15850085	346
54	5	20127631	20149352	20138491	21721
56	1	2268050	2268278	2268164	228
56	1	4286216	4288731	4287474	2515
58	3	2820287	2821772	2821029	1485
58	3	3241168	3254469	3247818	13301
59	2	1076546	1076836	1076691	290
59	2	9802005	9803191	9802598	1186
62	1	6314937	6315038	6314987	101
62	1	13046106	13046237	13046172	131
62	5	7755311	7755683	7755497	372
62	5	20530830	20531451	20531140	621
63	1	16716400	16717468	16716934	1068
63	1	27981096	27981591	27981344	495
63	5	680856	680947	680902	91
63	5	15983919	15984304	15984111	385
65	1	10893900	10895213	10894556	1313
65	1	17465653	17465751	17465702	98
67	1	10055273	10055300	10055287	27
67	1	29384374	29384726	29384550	352
71	3	3054448	3054814	3054631	366
71	3	22918218	22920458	22919338	2240
71	5	2108710	2109713	2109212	1003
71	5	15427684	15427717	15427700	33
72	2	6686144	6686374	6686259	230
72	2	17741640	17742758	17742199	1118
77	1	9359669	9362306	9360987	2637
77	1	28354028	28355801	28354914	1773
79	1	16899731	16900334	16900033	603
79	1	24891854	24894096	24892975	2242
80	4	1517234	1517513	1517374	279
80	4	17353680	17357787	17355734	4107
83	5	18929687	18929808	18929747	121
83	5	24952831	24954450	24953641	1619
84	2	6226150	6226552	6226351	402
84	2	15940713	15946197	15943455	5484
89	1	27057077	27057533	27057305	456
89	1	29694922	29695728	29695325	806
90	1	13404050	13404085	13404068	35
90	1	26331884	26333652	26332768	1768
91	2	6277163	6277288	6277225	125
91	2	12947325	12947652	12947489	327
91	3	6333604	6334007	6333806	403
91	3	18209978	18211293	18210636	1315
91	5	10933546	10933689	10933618	143
91	5	24740097	24740543	24740320	446
93	2	397738	398681	398210	943
93	2	18274100	18274457	18274278	357
93	5	1167561	1168669	1168115	1108
93	5	15707346	15708423	15707884	1077
94	1	8585089	8585668	8585379	579
94	1	13142745	13143966	13143355	1221
95	4	13470268	13471729	13470998	1461
95	4	15593956	15594146	15594051	190
99	1	19090709	19092357	19091533	1648
99	1	25467017	25467979	25467498	962
101	1	16705466	16705799	16705632	333
101	1	22897235	22898487	22897861	1252
102	5	13615722	13615873	13615798	151
102	5	22283293	22283389	22283341	96
107	2	2023202	2023986	2023594	784
107	2	18963672	18963855	18963764	183
107	5	1380679	1380835	1380757	156
107	5	20762914	20763389	20763152	475
110	5	10640123	10640616	10640369	493
110	5	26722441	26722955	26722698	514
112	2	289413	289609	289511	196
112	2	10216306	10216454	10216380	148
112	4	14500253	14502385	14501319	2132
112	4	16184124	16185238	16184681	1114
115	3	19142315	19142489	19142402	174
115	3	23352229	23352500	23352365	271
120	4	5983955	5984686	5984321	731
120	4	17676844	17678216	17677530	1372
121	3	6351444	6351587	6351516	143
121	3	16122442	16122878	16122660	436
122	2	2350013	2350262	2350137	249
122	2	15841267	15841375	15841321	108
122	3	11280611	11280787	11280699	176
122	3	19000667	19002787	19001727	2120
123	5	9072139	9072467	9072303	328
123	5	13595587	13596031	13595809	444
130	2	12297527	12298857	12298192	1330
130	2	18962349	18963642	18962995	1293
132	1	7739748	7741021	7740384	1273
132	1	20490399	20492148	20491273	1749
132	2	1443049	1443793	1443421	744
132	2	12108896	12124196	12116546	15300
132	4	6738331	6739803	6739067	1472
132	4	16862622	16863014	16862818	392
133	1	20267629	20272327	20269978	4698
133	1	24629210	24630452	24629831	1242
134	1	1204549	1206132	1205341	1583
134	1	13117589	13117647	13117618	58
135	2	3188097	4307902	3747999	1119805
135	2	10810865	10812956	10811911	2091
136	5	9208452	9209122	9208787	670
136	5	26351608	26351670	26351639	62
138	5	10164720	10164943	10164832	223
138	5	22390720	22390845	22390782	125
139	5	14315124	14316600	14315862	1476
139	5	23914653	23915459	23915056	806
142	5	13470581	13470955	13470768	374
142	5	22090314	22091266	22090790	952
143	5	9269446	9269851	9269648	405
143	5	25137433	25138445	25137939	1012
145	2	1641150	1641213	1641182	63
145	2	19096844	19098525	19097684	1681
148	5	5616713	5617255	5616984	542
148	5	16577699	16578111	16577905	412
149	1	2390279	2390309	2390294	30
149	1	23789319	23789440	23789379	121
152	3	458650	458740	458695	90
152	3	10895234	10895349	10895292	115
153	4	193761	194455	194108	694
153	4	16447855	16451265	16449560	3410
153	5	1269487	1269796	1269641	309
153	5	15790164	15790704	15790434	540
159	1	11265161	11265575	11265368	414
159	1	29742565	29742718	29742641	153
159	5	2299994	2300679	2300336	685
159	5	14717569	14717912	14717741	343
162	1	658067	658269	658168	202
162	1	8180027	8180557	8180292	530
165	2	612081	613590	612835	1509
165	2	18463587	18464009	18463798	422
167	2	163704	164100	163902	396
167	2	11516380	11516861	11516620	481
173	5	4407466	4410405	4408936	2939
173	5	14976840	14976912	14976876	72
175	1	1712117	1715676	1713897	3559
175	1	24854969	24854989	24854979	20
175	5	4767065	4767463	4767264	398
175	5	9644436	9644626	9644531	190
177	4	890508	891384	890946	876
177	4	9767791	9768643	9768217	852
181	5	445728	446055	445892	327
181	5	1912351	1917207	1914779	4856
182	4	5370443	5370652	5370547	209
182	4	11760276	11760852	11760564	576
186	3	4788047	4788703	4788375	656
186	3	18751617	18752006	18751811	389
191	2	1134935	1135042	1134989	107
191	2	13269644	13273642	13271643	3998
