lib,chrs,start,stop,cos,width
1,Chr1,10000355,10000685,10000520,330
1,Chr1,17861358,17861400,17861379,42
1,Chr1,24361690,24361763,24361726,73
1,Chr3,2888386,2889198,2888792,812
1,Chr3,9169096,9171124,9170110,2028
1,Chr4,5375941,5376984,5376463,1043
1,Chr4,7321356,7321577,7321466,221
1,Chr5,14959076,14959434,14959255,358
2,Chr1,5954869,5956670,5955769,1801
2,Chr1,16644400,16644602,16644501,202
2,Chr1,26032502,26032582,26032542,80
2,Chr1,30159286,30159582,30159434,296
2,Chr2,19334748,19335348,19335048,600
2,Chr3,8959780,8959830,8959805,50
2,Chr3,21298252,21300447,21299350,2195
2,Chr4,133527,134356,133941,829
2,Chr4,9890628,9890875,9890752,247
2,Chr4,12135345,12135610,12135477,265
2,Chr5,574984,575271,575128,287
3,Chr1,17236664,17236674,17236669,10
3,Chr1,28403170,28405960,28404565,2790
3,Chr2,9213014,9213332,9213173,318
3,Chr2,12939324,12940265,12939794,941
3,Chr3,10868660,10868933,10868796,273
3,Chr4,7268653,7269288,7268971,635
3,Chr5,14874246,14874712,14874479,466
3,Chr5,17394489,17394504,17394497,15
4,Chr1,26014969,26015258,26015113,289
4,Chr3,4373576,4374173,4373874,597
4,Chr3,10452444,10452594,10452519,150
4,Chr3,19933605,19934984,19934295,1379
4,Chr4,410424,410548,410486,124
4,Chr4,7654077,7654148,7654113,71
4,Chr5,1507420,1507704,1507562,284
4,Chr5,5265208,5265733,5265470,525
4,Chr5,16467404,16467436,16467420,32
5,Chr1,11255366,11255401,11255384,35
5,Chr2,111822,111954,111888,132
5,Chr3,7386958,7387083,7387020,125
5,Chr3,11717494,11717606,11717550,112
5,Chr4,1027159,1029193,1028176,2034
5,Chr4,13966673,13967553,13967113,880
5,Chr4,17148877,17148921,17148899,44
5,Chr5,2067728,2068134,2067931,406
5,Chr5,7814792,7815973,7815382,1181
5,Chr5,16041281,16041584,16041433,303
6,Chr1,24663884,24664162,24664023,278
6,Chr5,16711286,16711817,16711552,531
6,Chr5,20127631,20149352,20138491,21721
6,Chr5,25975808,25976643,25976226,835
7,Chr1,6882391,6882614,6882503,223
7,Chr1,12625829,12626439,12626134,610
7,Chr2,6240234,6241569,6240902,1335
7,Chr2,18806519,18806676,18806597,157
7,Chr3,4842238,4846528,4844383,4290
7,Chr4,12069182,12069430,12069306,248
8,Chr2,16294758,16295131,16294944,373
8,Chr2,17739727,17739996,17739861,269
8,Chr3,3219262,3219624,3219443,362
8,Chr4,8698125,8699807,8698966,1682
8,Chr5,14972542,14973585,14973064,1043
9,Chr1,8241468,8242181,8241824,713
9,Chr1,9937343,9937353,9937348,10
9,Chr2,11707241,11707322,11707281,81
10,Chr1,24877989,24878437,24878213,448
10,Chr3,10356228,10356274,10356251,46
10,Chr3,18813027,18814546,18813787,1519
10,Chr4,610997,611716,611357,719
10,Chr4,11911717,11912017,11911867,300
10,Chr5,2083454,2083951,2083702,497
10,Chr5,15500870,15501124,15500997,254
10,Chr5,22083186,22083452,22083319,266
11,Chr1,17894339,17895180,17894759,841
11,Chr1,20785180,20785619,20785400,439
11,Chr1,29310351,29311486,29310919,1135
11,Chr2,391724,393300,392512,1576
11,Chr2,5920713,5920848,5920781,135
11,Chr3,2442206,2444719,2443462,2513
11,Chr5,842342,842553,842448,211
11,Chr5,16943219,16943349,16943284,130
11,Chr5,24752277,24753021,24752649,744
12,Chr1,1482743,1483156,1482949,413
12,Chr1,8393447,8393795,8393621,348
12,Chr1,29267276,29270178,29268727,2902
12,Chr2,7252882,7253017,7252950,135
12,Chr2,7712869,7713178,7713023,309
12,Chr2,14782215,14784431,14783323,2216
12,Chr3,3879684,3882500,3881092,2816
12,Chr3,16560670,16560925,16560798,255
12,Chr4,527930,528200,528065,270
12,Chr4,5235645,5235725,5235685,80
13,Chr1,4867069,4867868,4867469,799
13,Chr1,19106256,19106542,19106399,286
13,Chr2,6670379,6677503,6673941,7124
13,Chr2,10562512,10563104,10562808,592
13,Chr3,9401390,9401770,9401580,380
13,Chr3,10949637,10949969,10949803,332
13,Chr4,8855718,8855833,8855776,115
14,Chr1,16127302,16127975,16127638,673
14,Chr2,6796983,6801370,6799177,4387
14,Chr3,874987,875044,875015,57
14,Chr3,18313860,18314052,18313956,192
14,Chr4,5740779,5741151,5740965,372
14,Chr4,9448398,9448645,9448522,247
14,Chr5,15396521,15397222,15396871,701
15,Chr1,643447,644148,643797,701
15,Chr1,3309603,3309689,3309646,86
15,Chr1,19630741,19637014,19633877,6273
15,Chr1,26362386,26364885,26363636,2499
15,Chr1,27699755,27700198,27699977,443
15,Chr2,609692,609933,609812,241
15,Chr3,1008302,1008462,1008382,160
15,Chr3,22924693,22927051,22925872,2358
15,Chr4,5362948,5363080,5363014,132
15,Chr5,6039700,6039814,6039757,114
15,Chr5,7979031,7979855,7979443,824
15,Chr5,16811705,16812488,16812097,783
15,Chr5,23066173,23066951,23066562,778
16,Chr1,12734889,12734970,12734929,81
16,Chr1,28251270,28251332,28251301,62
16,Chr2,2325148,2325502,2325325,354
16,Chr2,10809163,10809444,10809303,281
16,Chr5,9407748,9407974,9407861,226
17,Chr1,16738270,16738479,16738374,209
17,Chr2,9983182,9983554,9983368,372
17,Chr3,4343925,4344146,4344035,221
17,Chr4,1539210,1539388,1539299,178
17,Chr4,17807029,17807234,17807131,205
17,Chr5,9497596,9497845,9497720,249
18,Chr1,2936381,2941598,2938989,5217
18,Chr1,13655453,13655620,13655537,167
18,Chr1,21105906,21106061,21105984,155
18,Chr1,25724742,25726065,25725404,1323
18,Chr5,6481740,6482344,6482042,604
18,Chr5,26138113,26138126,26138119,13
19,Chr1,17033272,17033350,17033311,78
19,Chr1,19547255,19547363,19547309,108
19,Chr2,6795275,6795431,6795353,156
19,Chr4,153434,153441,153438,7
19,Chr4,18144152,18144687,18144420,535
19,Chr5,910152,910331,910242,179
19,Chr5,14981023,14981371,14981197,348
19,Chr5,19395408,19396114,19395761,706
20,Chr1,9085990,9087044,9086517,1054
20,Chr2,1926865,1927123,1926994,258
20,Chr3,15971789,15972341,15972065,552
20,Chr4,5707492,5708678,5708085,1186
21,Chr1,9335274,9335487,9335380,213
21,Chr1,26374262,26376336,26375299,2074
21,Chr2,16375412,16376040,16375726,628
21,Chr4,11222601,11223473,11223037,872
21,Chr5,9961011,9961398,9961205,387
22,Chr1,11475604,11475673,11475638,69
22,Chr1,16641540,16641851,16641696,311
22,Chr1,27120039,27120883,27120461,844
22,Chr2,2314044,2316588,2315316,2544
22,Chr2,18840799,18840992,18840895,193
22,Chr3,16493876,16494837,16494356,961
22,Chr3,22392098,22392102,22392100,4
22,Chr5,6978777,6980058,6979417,1281
23,Chr1,2988686,2988827,2988756,141
23,Chr3,18343977,18344539,18344258,562
23,Chr4,393016,394640,393828,1624
23,Chr4,17441540,17441541,17441540,1
23,Chr5,18025152,18026775,18025964,1623
24,Chr1,4429706,4430281,4429994,575
24,Chr1,6243927,6244230,6244079,303
24,Chr1,23899174,23899832,23899503,658
24,Chr2,876668,876669,876668,1
24,Chr2,15508015,15508139,15508077,124
24,Chr2,18673923,18674459,18674191,536
24,Chr4,7878945,7879421,7879183,476
24,Chr5,24118268,24120279,24119274,2011
25,Chr1,24853816,24853896,24853856,80
25,Chr2,7185726,7185853,7185790,127
25,Chr2,9742475,9742960,9742717,485
25,Chr3,15501578,15501702,15501640,124
26,Chr1,5421346,5421514,5421430,168
26,Chr1,16460920,16461075,16460998,155
26,Chr2,362413,362450,362431,37
26,Chr2,13497482,13498964,13498223,1482
26,Chr3,8115777,8117037,8116407,1260
26,Chr5,9827397,9827412,9827405,15
26,Chr5,10540219,10540511,10540365,292
27,Chr1,6331163,6332643,6331903,1480
27,Chr2,1416981,1417590,1417285,609
27,Chr2,19227607,19227981,19227794,374
27,Chr4,251163,252270,251717,1107
27,Chr4,17262283,17262629,17262456,346
27,Chr5,9057689,9057827,9057758,138
27,Chr5,16152798,16152945,16152872,147
28,Chr1,8453291,8453387,8453339,96
28,Chr1,25828776,25829695,25829236,919
28,Chr2,178553,179164,178859,611
28,Chr2,2468216,2468473,2468344,257
28,Chr4,1304369,1304461,1304415,92
28,Chr4,15723888,15724642,15724265,754
28,Chr5,783375,784221,783798,846
29,Chr1,16872504,16872901,16872702,397
29,Chr2,19020654,19020676,19020665,22
29,Chr3,16253243,16253247,16253245,4
29,Chr4,173240,173290,173265,50
29,Chr4,4802374,4802763,4802568,389
29,Chr4,10400677,10400882,10400779,205
29,Chr5,8058441,8059028,8058735,587
29,Chr5,17565986,17566094,17566040,108
30,Chr1,9996899,9996961,9996930,62
30,Chr1,29756587,29756909,29756748,322
30,Chr3,8226572,8226602,8226587,30
30,Chr3,21583952,21590066,21587009,6114
30,Chr5,14998663,14999126,14998895,463
31,Chr1,7475523,7475544,7475533,21
31,Chr1,12249562,12250008,12249785,446
31,Chr2,18389730,18390320,18390025,590
31,Chr3,11105372,11105559,11105466,187
31,Chr4,8824393,8824454,8824423,61
31,Chr4,10161110,10162487,10161798,1377
31,Chr5,2046347,2046486,2046417,139
31,Chr5,20900354,20901174,20900764,820
32,Chr1,8448407,8448613,8448510,206
32,Chr1,22522381,22522659,22522520,278
32,Chr3,9338252,9338385,9338318,133
32,Chr3,22761822,22762418,22762120,596
32,Chr4,662353,663179,662766,826
32,Chr4,10136568,10136941,10136754,373
32,Chr5,14316600,14317150,14316875,550
33,Chr1,24477151,24478100,24477625,949
33,Chr3,5255958,5256873,5256416,915
33,Chr4,713622,713666,713644,44
34,Chr1,13455111,13455375,13455243,264
34,Chr3,4425773,4426368,4426071,595
34,Chr3,11147971,11148048,11148009,77
34,Chr3,16001711,16001746,16001729,35
34,Chr4,6854205,6855150,6854677,945
34,Chr5,1013185,1014390,1013787,1205
35,Chr1,8076201,8078601,8077401,2400
35,Chr1,16130237,16130399,16130318,162
35,Chr2,2316442,2316588,2316515,146
35,Chr2,7065915,7065969,7065942,54
35,Chr3,3128159,3128225,3128192,66
35,Chr3,15357926,15358499,15358212,573
35,Chr3,16964614,16964946,16964780,332
35,Chr5,6038379,6039393,6038886,1014
35,Chr5,25241748,25241785,25241766,37
36,Chr1,2562326,2562384,2562355,58
36,Chr1,10678526,10680313,10679420,1787
36,Chr1,26120619,26120642,26120631,23
36,Chr2,174365,174877,174621,512
36,Chr2,6025477,6026556,6026017,1079
36,Chr2,17667173,17667701,17667437,528
36,Chr4,7354712,7358617,7356664,3905
36,Chr4,17759995,17760698,17760347,703
36,Chr5,9936359,9936441,9936400,82
36,Chr5,18608653,18609079,18608866,426
37,Chr1,21718490,21718694,21718592,204
37,Chr2,787130,787412,787271,282
37,Chr2,19287810,19287833,19287822,23
37,Chr4,5835200,5835480,5835340,280
37,Chr5,7420714,7422658,7421686,1944
37,Chr5,13560485,13560516,13560501,31
38,Chr1,16643196,16643504,16643350,308
38,Chr2,18963855,18964731,18964293,876
38,Chr3,5555997,5556858,5556427,861
38,Chr3,11270158,11270326,11270242,168
38,Chr3,20009097,20009855,20009476,758
38,Chr4,100591,106093,103342,5502
38,Chr4,15379232,15379685,15379458,453
38,Chr5,7450034,7450100,7450067,66
38,Chr5,10150212,10150627,10150420,415
38,Chr5,17656754,17666848,17661801,10094
39,Chr1,10622297,10623030,10622663,733
39,Chr1,18097856,18098413,18098134,557
39,Chr1,29549297,29549950,29549623,653
39,Chr2,5540226,5542392,5541309,2166
39,Chr2,9360933,9361825,9361379,892
39,Chr3,9489007,9489361,9489184,354
39,Chr4,4803015,4805134,4804075,2119
39,Chr4,6363826,6364538,6364182,712
39,Chr5,14710992,14711113,14711052,121
40,Chr1,17287216,17287683,17287450,467
40,Chr1,25732716,25733312,25733014,596
40,Chr2,9694295,9695085,9694690,790
40,Chr2,12373283,12374134,12373709,851
40,Chr3,187440,188032,187736,592
40,Chr3,16446996,16447181,16447088,185
40,Chr4,7781057,7782731,7781894,1674
40,Chr4,10705665,10705681,10705673,16
41,Chr1,168700,169429,169064,729
41,Chr1,18078561,18078688,18078625,127
41,Chr1,29361081,29361090,29361085,9
41,Chr2,5674190,5675141,5674666,951
41,Chr2,17251322,17251808,17251565,486
41,Chr3,1725952,1727008,1726480,1056
41,Chr4,11662986,11663824,11663405,838
41,Chr5,4823674,4825418,4824546,1744
41,Chr5,13901892,13902845,13902368,953
41,Chr5,20532895,20533232,20533063,337
41,Chr5,25982295,25982357,25982326,62
42,Chr1,16774692,16774867,16774780,175
42,Chr1,23899174,23899832,23899503,658
42,Chr1,26738586,26740398,26739492,1812
42,Chr2,1491084,1491614,1491349,530
42,Chr2,6323798,6323832,6323815,34
42,Chr2,18796867,18797476,18797171,609
42,Chr4,10264267,10264666,10264467,399
42,Chr4,14409932,14410654,14410293,722
42,Chr5,18780344,18780883,18780614,539
43,Chr1,11108721,11108858,11108789,137
43,Chr1,21887800,21888326,21888063,526
43,Chr1,26098981,26099068,26099025,87
43,Chr2,7596112,7596574,7596343,462
43,Chr2,11646139,11646477,11646308,338
43,Chr3,20898196,20898323,20898260,127
43,Chr4,785671,788468,787069,2797
43,Chr4,6191743,6192115,6191929,372
43,Chr5,1493590,1493747,1493668,157
44,Chr1,29216302,29216548,29216425,246
44,Chr2,336464,336996,336730,532
44,Chr2,6025477,6026556,6026017,1079
44,Chr3,11242257,11242625,11242441,368
44,Chr4,5811785,5814235,5813010,2450
44,Chr4,17719531,17721024,17720277,1493
44,Chr5,777838,777853,777846,15
44,Chr5,14737141,14737700,14737421,559
44,Chr5,26336155,26336923,26336539,768
45,Chr1,9992978,9993436,9993207,458
45,Chr1,20013384,20013414,20013399,30
45,Chr3,15984126,15984535,15984330,409
45,Chr3,17702613,17703260,17702937,647
45,Chr4,7854243,7855141,7854692,898
45,Chr4,10268664,10268960,10268812,296
45,Chr5,16895191,16895264,16895227,73
46,Chr1,6898729,6899862,6899295,1133
46,Chr3,19596758,19596797,19596778,39
46,Chr5,6875466,6876446,6875956,980
46,Chr5,9006605,9007466,9007035,861
46,Chr5,18520256,18524719,18522488,4463
47,Chr1,8915604,8915789,8915696,185
47,Chr2,8798807,8799011,8798909,204
47,Chr3,9359756,9361102,9360429,1346
47,Chr3,10021457,10022330,10021893,873
47,Chr3,19558913,19559589,19559251,676
47,Chr5,16381904,16382219,16382062,315
48,Chr1,7057016,7058461,7057738,1445
48,Chr1,28608065,28608885,28608475,820
48,Chr2,16763799,16764003,16763901,204
48,Chr3,17387754,17388194,17387974,440
48,Chr5,16963088,16963138,16963113,50
48,Chr5,20369216,20369377,20369296,161
49,Chr1,6770158,6771007,6770582,849
49,Chr1,12104033,12126970,12115501,22937
49,Chr3,740807,740894,740851,87
49,Chr3,16326066,16326220,16326143,154
49,Chr3,23276239,23276827,23276533,588
49,Chr4,93264,94014,93639,750
49,Chr4,11310106,11310296,11310201,190
49,Chr4,17672413,17673622,17673017,1209
49,Chr5,13880205,13880507,13880356,302
49,Chr5,16270975,16271231,16271103,256
50,Chr1,7272031,7274158,7273095,2127
50,Chr1,23780343,23782650,23781497,2307
50,Chr3,2351258,2352754,2352006,1496
50,Chr4,1031799,1032093,1031946,294
50,Chr4,9346564,9348191,9347378,1627
50,Chr5,9308565,9309210,9308887,645
50,Chr5,23607849,23610327,23609088,2478
51,Chr1,464103,464909,464506,806
51,Chr1,14329778,14329820,14329799,42
51,Chr1,16811874,16812334,16812104,460
51,Chr2,9661599,9662112,9661855,513
51,Chr3,8111500,8112461,8111980,961
51,Chr4,918540,919246,918893,706
51,Chr4,5855664,5856201,5855932,537
52,Chr1,17830532,17831419,17830976,887
52,Chr1,28955311,28956061,28955686,750
52,Chr2,8218778,8219502,8219140,724
52,Chr3,1234126,1234219,1234172,93
52,Chr3,8641648,8642577,8642112,929
52,Chr4,643484,643520,643502,36
52,Chr4,11902070,11902990,11902530,920
52,Chr5,1909832,1912351,1911092,2519
52,Chr5,9867742,9868076,9867909,334
53,Chr1,847535,850465,849000,2930
53,Chr1,8926322,8926361,8926342,39
53,Chr4,6255594,6255725,6255660,131
53,Chr5,20546893,20547294,20547093,401
54,Chr1,26683300,26683729,26683514,429
54,Chr2,12417912,12418879,12418396,967
54,Chr3,18878765,18879513,18879139,748
54,Chr4,8635698,8636135,8635916,437
54,Chr4,15629961,15630853,15630407,892
54,Chr5,733600,734018,733809,418
54,Chr5,15323999,15324162,15324081,163
54,Chr5,15464391,15464962,15464677,571
54,Chr5,22918118,22918398,22918258,280
55,Chr2,6238324,6239009,6238666,685
55,Chr2,8080349,8080923,8080636,574
55,Chr2,11112939,11114879,11113909,1940
55,Chr3,1065487,1065668,1065577,181
55,Chr4,94254,94272,94263,18
55,Chr4,737506,738187,737846,681
55,Chr4,17525425,17526405,17525915,980
55,Chr5,6348956,6348992,6348974,36
56,Chr2,476278,476472,476375,194
56,Chr2,10067244,10067958,10067601,714
56,Chr3,9311270,9311869,9311570,599
56,Chr4,7249752,7249799,7249776,47
56,Chr4,16470658,16470957,16470808,299
56,Chr5,15866340,15866460,15866400,120
56,Chr5,26099942,26100907,26100424,965
57,Chr1,19537105,19537477,19537291,372
57,Chr2,2198198,2198462,2198330,264
57,Chr3,20296092,20296434,20296263,342
57,Chr4,11722192,11722896,11722544,704
57,Chr5,8330104,8331151,8330628,1047
58,Chr2,747799,756193,751996,8394
58,Chr2,1017943,1018057,1018000,114
58,Chr2,17818533,17819388,17818961,855
58,Chr3,8112290,8112461,8112376,171
58,Chr3,8153908,8153959,8153934,51
58,Chr3,16564965,16565564,16565265,599
58,Chr4,6834265,6835331,6834798,1066
58,Chr5,686513,688787,687650,2274
58,Chr5,10192739,10192905,10192822,166
58,Chr5,20697714,20697982,20697848,268
59,Chr1,7952573,7953255,7952914,682
59,Chr1,28379919,28380527,28380223,608
59,Chr2,404791,406732,405761,1941
59,Chr3,23288244,23288544,23288394,300
59,Chr4,716636,717707,717172,1071
60,Chr1,16474332,16474488,16474410,156
60,Chr2,9483414,9483749,9483582,335
60,Chr2,15483800,15486439,15485120,2639
60,Chr3,6948692,6970532,6959612,21840
60,Chr3,19823813,19823902,19823857,89
60,Chr4,17741025,17743457,17742241,2432
61,Chr1,24749487,24750413,24749950,926
61,Chr2,7885772,7886079,7885926,307
61,Chr2,13396122,13396194,13396158,72
61,Chr3,16909826,16909848,16909837,22
61,Chr4,526374,526673,526524,299
61,Chr4,1397708,1397847,1397778,139
61,Chr4,17463448,17464140,17463794,692
61,Chr5,14224612,14225486,14225049,874
62,Chr1,6361230,6361704,6361467,474
62,Chr1,28425345,28425644,28425495,299
62,Chr2,12379655,12380902,12380279,1247
62,Chr3,14938670,14939116,14938893,446
62,Chr3,16803678,16804504,16804091,826
62,Chr4,7617185,7617548,7617367,363
62,Chr5,8771938,8772370,8772154,432
63,Chr1,8394423,8394972,8394697,549
63,Chr1,25562096,25562865,25562480,769
63,Chr1,26378482,26380200,26379341,1718
63,Chr2,1569583,1569940,1569761,357
63,Chr3,16903987,16904244,16904115,257
63,Chr4,5247294,5247922,5247608,628
63,Chr4,7849216,7849338,7849277,122
63,Chr5,8528479,8528878,8528679,399
63,Chr5,17984344,17984493,17984418,149
64,Chr1,7904799,7904887,7904843,88
64,Chr1,9095097,9095298,9095197,201
64,Chr1,22174192,22174984,22174588,792
64,Chr3,18175762,18176533,18176148,771
64,Chr4,17455040,17455351,17455196,311
64,Chr5,18749546,18749616,18749581,70
65,Chr1,9828522,9828545,9828534,23
65,Chr1,26196234,26196314,26196274,80
65,Chr2,1570836,1570889,1570862,53
65,Chr3,11138389,11139185,11138787,796
65,Chr4,7254097,7255626,7254861,1529
65,Chr5,2070573,2071120,2070847,547
65,Chr5,9474833,9475837,9475335,1004
65,Chr5,16643850,16644193,16644022,343
66,Chr1,17857859,17858787,17858323,928
66,Chr1,24480713,24480720,24480717,7
66,Chr2,2317840,2318700,2318270,860
66,Chr3,627398,627576,627487,178
66,Chr3,16370272,16370592,16370432,320
66,Chr3,22214725,22214779,22214752,54
66,Chr4,5425017,5425097,5425057,80
66,Chr4,8826455,8826651,8826553,196
66,Chr5,16199926,16200086,16200006,160
67,Chr1,7202860,7203873,7203366,1013
67,Chr1,13126064,13126112,13126088,48
67,Chr1,26336172,26336429,26336300,257
67,Chr2,493537,493956,493747,419
67,Chr2,14870263,14870513,14870388,250
67,Chr3,11106394,11106563,11106478,169
67,Chr5,14751211,14752719,14751965,1508
68,Chr1,6766873,6767739,6767306,866
68,Chr1,25017150,25017337,25017244,187
68,Chr2,1563204,1564045,1563624,841
68,Chr2,11215086,11221573,11218330,6487
68,Chr3,85367,85374,85371,7
68,Chr3,14949012,14949247,14949130,235
68,Chr4,5335364,5335661,5335512,297
68,Chr5,15607398,15607897,15607648,499
69,Chr1,13076966,13077108,13077037,142
69,Chr2,16375277,16375312,16375295,35
69,Chr2,17684850,17685390,17685120,540
69,Chr3,8191559,8191611,8191585,52
69,Chr3,18410688,18411786,18411237,1098
69,Chr4,6357216,6358289,6357752,1073
69,Chr4,15425390,15426314,15425852,924
69,Chr4,18183546,18183975,18183760,429
69,Chr5,15378843,15378959,15378901,116
70,Chr1,4475235,4475627,4475431,392
70,Chr1,17975935,17976831,17976383,896
70,Chr1,24900387,24900945,24900666,558
70,Chr1,28286942,28287225,28287084,283
70,Chr3,1510535,1510668,1510601,133
70,Chr3,4807339,4810169,4808754,2830
70,Chr3,9308064,9308296,9308180,232
70,Chr4,8166447,8166513,8166480,66
70,Chr4,11177513,11178053,11177783,540
70,Chr5,19580138,19580219,19580178,81
71,Chr1,8194665,8195085,8194875,420
71,Chr1,28745359,28746408,28745883,1049
71,Chr2,16679962,16694743,16687352,14781
71,Chr3,4542746,4544105,4543426,1359
71,Chr3,9198027,9198525,9198276,498
71,Chr4,5835813,5836400,5836107,587
71,Chr5,1559462,1561794,1560628,2332
72,Chr1,26076698,26077066,26076882,368
72,Chr2,1556205,1563204,1559705,6999
72,Chr3,4536943,4537070,4537007,127
72,Chr3,8033512,8034094,8033803,582
72,Chr3,16681612,16681733,16681672,121
72,Chr4,10012680,10012780,10012730,100
72,Chr5,2198521,2198777,2198649,256
72,Chr5,25981568,25981848,25981708,280
73,Chr1,7742966,7743220,7743093,254
73,Chr1,19327060,19327204,19327132,144
73,Chr1,24750413,24750730,24750571,317
73,Chr2,606407,607682,607045,1275
73,Chr3,8500526,8501450,8500988,924
73,Chr3,10356649,10356824,10356737,175
73,Chr3,22936880,22937371,22937126,491
73,Chr4,17660259,17660747,17660503,488
73,Chr5,25340699,25342664,25341681,1965
74,Chr1,9959677,9960230,9959953,553
74,Chr2,10525765,10527160,10526463,1395
74,Chr3,1516449,1517183,1516816,734
74,Chr3,10242240,10243406,10242823,1166
74,Chr3,18570197,18570667,18570432,470
74,Chr4,128068,128323,128196,255
74,Chr4,11662986,11663824,11663405,838
74,Chr5,434770,434856,434813,86
74,Chr5,10876230,10876336,10876283,106
74,Chr5,22550833,22551005,22550919,172
74,Chr5,26349649,26350108,26349879,459
75,Chr1,17299673,17299978,17299825,305
75,Chr2,18309470,18309873,18309672,403
75,Chr3,11106349,11106394,11106371,45
75,Chr4,11027059,11027201,11027130,142
75,Chr4,17761038,17762851,17761944,1813
75,Chr5,15958098,15958605,15958352,507
75,Chr5,22272925,22273026,22272975,101
76,Chr1,784931,784967,784949,36
76,Chr1,8695335,8695441,8695388,106
76,Chr1,13899470,13899930,13899700,460
76,Chr1,19090313,19090517,19090415,204
76,Chr1,20566219,20566985,20566602,766
76,Chr2,12775701,12775868,12775785,167
76,Chr3,11141916,11142179,11142048,263
76,Chr3,15972758,15973526,15973142,768
76,Chr4,6452603,6452623,6452613,20
76,Chr5,1771412,1771593,1771502,181
76,Chr5,17533753,17533836,17533795,83
76,Chr5,25977890,25978356,25978123,466
77,Chr1,19862536,19862738,19862637,202
77,Chr1,24739724,24740049,24739886,325
77,Chr2,5121285,5121358,5121321,73
77,Chr3,5311551,5311996,5311773,445
77,Chr3,18765023,18765070,18765047,47
77,Chr4,81364,82605,81984,1241
78,Chr1,29760842,29761522,29761182,680
78,Chr2,9679384,9680106,9679745,722
78,Chr2,12900726,12901110,12900918,384
78,Chr3,3108832,3111842,3110337,3010
78,Chr4,9033453,9033537,9033495,84
78,Chr4,17801814,17802325,17802070,511
78,Chr5,1523822,1523931,1523876,109
78,Chr5,3504280,3504541,3504410,261
78,Chr5,16613432,16616120,16614776,2688
78,Chr5,18704381,18704431,18704406,50
79,Chr1,7730063,7731201,7730632,1138
79,Chr1,12240241,12240340,12240291,99
79,Chr1,23154964,23155059,23155012,95
79,Chr2,456789,457793,457291,1004
79,Chr2,9920843,9921743,9921293,900
79,Chr2,18911037,18911115,18911076,78
79,Chr4,11760013,11760276,11760145,263
79,Chr5,9269975,9270461,9270218,486
80,Chr1,7111714,7111847,7111780,133
80,Chr1,15979808,15980957,15980382,1149
80,Chr1,19935268,19936028,19935648,760
80,Chr1,27663280,27663928,27663604,648
80,Chr2,12226000,12226297,12226148,297
80,Chr3,10749593,10750702,10750147,1109
80,Chr4,9243068,9243419,9243244,351
80,Chr4,10464251,10464699,10464475,448
80,Chr5,731510,731883,731696,373
80,Chr5,7261421,7262026,7261723,605
80,Chr5,18998061,18998808,18998435,747
81,Chr1,9713433,9716325,9714879,2892
81,Chr2,216827,220022,218425,3195
81,Chr2,18363901,18366149,18365025,2248
81,Chr3,4309083,4309883,4309483,800
81,Chr3,18242375,18242422,18242399,47
81,Chr3,22126906,22128563,22127734,1657
81,Chr4,727836,728235,728036,399
81,Chr4,5737178,5737587,5737382,409
81,Chr4,16563366,16563878,16563622,512
81,Chr4,17535509,17535553,17535531,44
81,Chr5,17927425,17928637,17928031,1212
82,Chr2,10191787,10192059,10191923,272
82,Chr3,673001,673464,673233,463
82,Chr4,1002975,1003436,1003205,461
82,Chr4,17719531,17721024,17720277,1493
82,Chr5,17183831,17185546,17184689,1715
83,Chr1,489092,523868,506480,34776
83,Chr1,7382441,7383357,7382899,916
83,Chr1,11571280,11571666,11571473,386
83,Chr1,22840904,22840950,22840927,46
83,Chr2,6022394,6022568,6022481,174
83,Chr2,10621933,10624282,10623107,2349
83,Chr4,5142179,5142489,5142334,310
83,Chr4,7720751,7722525,7721638,1774
83,Chr5,16002491,16002909,16002700,418
84,Chr2,8407798,8408057,8407928,259
84,Chr2,9938419,9940087,9939253,1668
84,Chr3,830904,831352,831128,448
84,Chr4,1512371,1512507,1512439,136
84,Chr5,7525118,7525199,7525158,81
85,Chr1,7053328,7053619,7053474,291
85,Chr1,8103985,8104198,8104091,213
85,Chr1,16965876,16968355,16967116,2479
85,Chr1,28358802,28359873,28359338,1071
85,Chr2,472456,472910,472683,454
85,Chr2,9551864,9551924,9551894,60
85,Chr3,8545750,8545754,8545752,4
85,Chr3,11104932,11105279,11105106,347
85,Chr4,8869851,8871234,8870543,1383
85,Chr5,4445057,4447035,4446046,1978
85,Chr5,26290969,26291286,26291127,317
85,Chr5,26804154,26804379,26804266,225
86,Chr1,12936313,12936390,12936351,77
86,Chr2,6393222,6393391,6393306,169
86,Chr3,9835136,9835621,9835378,485
86,Chr4,5142776,5142881,5142828,105
86,Chr4,5840587,5840853,5840720,266
86,Chr5,17779916,17780976,17780446,1060
87,Chr1,11908372,11914409,11911390,6037
87,Chr2,264445,264587,264516,142
87,Chr2,1440593,1440785,1440689,192
87,Chr2,18428933,18429666,18429299,733
87,Chr3,16564451,16564965,16564708,514
87,Chr4,5457236,5457384,5457310,148
87,Chr4,8928287,8929941,8929114,1654
87,Chr4,16668207,16670688,16669447,2481
87,Chr5,10486369,10486602,10486485,233
88,Chr1,7399988,7400008,7399998,20
88,Chr1,16478209,16478749,16478479,540
88,Chr1,23154964,23155059,23155012,95
88,Chr2,2314228,2316588,2315408,2360
88,Chr2,18784874,18786257,18785566,1383
88,Chr3,1224954,1225077,1225016,123
88,Chr4,5458171,5458722,5458447,551
88,Chr4,9753112,9753127,9753120,15
88,Chr5,18395178,18395519,18395348,341
89,Chr1,9508835,9509214,9509025,379
89,Chr1,13052023,13054815,13053419,2792
89,Chr1,29760103,29760301,29760202,198
89,Chr2,2317100,2317341,2317220,241
89,Chr2,6917861,6918204,6918033,343
89,Chr4,5194676,5194782,5194729,106
89,Chr4,17302391,17303775,17303083,1384
89,Chr5,16859157,16859277,16859217,120
89,Chr5,18371578,18372212,18371895,634
90,Chr1,37388,38554,37971,1166
90,Chr1,16923035,16923139,16923087,104
90,Chr1,17618203,17618526,17618365,323
90,Chr2,9969883,9972887,9971385,3004
90,Chr2,15851250,15851770,15851510,520
90,Chr3,8687517,8687570,8687543,53
90,Chr3,16578425,16578910,16578667,485
90,Chr3,21142068,21142283,21142176,215
90,Chr4,15543725,15544219,15543972,494
90,Chr5,943871,944253,944062,382
90,Chr5,16166110,16166415,16166262,305
91,Chr2,5004922,5005611,5005266,689
91,Chr2,9821884,9822898,9822391,1014
91,Chr3,7360749,7361103,7360926,354
91,Chr5,6388460,6389163,6388812,703
92,Chr1,129841,135853,132847,6012
92,Chr1,7825633,7825938,7825785,305
92,Chr1,17304485,17305007,17304746,522
92,Chr3,4729908,4729910,4729909,2
92,Chr3,23287174,23288099,23287636,925
92,Chr4,833189,833271,833230,82
92,Chr4,11437456,11438483,11437970,1027
92,Chr5,5628097,5628176,5628137,79
92,Chr5,16388291,16388420,16388355,129
92,Chr5,21288450,21288933,21288692,483
93,Chr1,12875369,12877235,12876302,1866
93,Chr1,19610162,19610528,19610345,366
93,Chr1,26451916,26452275,26452096,359
93,Chr3,7859674,7864199,7861936,4525
93,Chr3,19596797,19597575,19597186,778
93,Chr3,22639524,22639536,22639530,12
93,Chr4,7493969,7494051,7494010,82
93,Chr5,9855149,9855343,9855246,194
94,Chr1,7787490,7787547,7787518,57
94,Chr1,13140606,13140907,13140756,301
94,Chr1,29424619,29424670,29424645,51
94,Chr2,6215552,6218007,6216780,2455
94,Chr2,12437275,12437361,12437318,86
94,Chr3,594003,596292,595147,2289
94,Chr4,5601460,5602025,5601742,565
94,Chr4,18118131,18118306,18118219,175
94,Chr5,9934915,9935039,9934977,124
94,Chr5,10486083,10486315,10486199,232
94,Chr5,26366757,26367407,26367082,650
95,Chr1,850465,858097,854281,7632
95,Chr1,11215437,11215819,11215628,382
95,Chr1,16137741,16137863,16137802,122
95,Chr3,212569,215392,213981,2823
95,Chr3,8126183,8126204,8126193,21
95,Chr3,8891293,8891532,8891413,239
95,Chr4,5835699,5836400,5836049,701
95,Chr5,9390726,9391576,9391151,850
95,Chr5,24737317,24737424,24737371,107
96,Chr3,1172014,1172453,1172234,439
96,Chr4,9031906,9032144,9032025,238
96,Chr5,9529032,9529135,9529084,103
97,Chr1,8345334,8346100,8345717,766
97,Chr1,16642993,16643196,16643095,203
97,Chr3,1051451,1054190,1052821,2739
97,Chr3,18205185,18205256,18205221,71
97,Chr4,10267420,10267666,10267543,246
98,Chr1,1282314,1382716,1332515,100402
98,Chr4,6288204,6288346,6288275,142
98,Chr5,3796886,3796944,3796915,58
98,Chr5,18224348,18225758,18225053,1410
98,Chr5,22608277,22608688,22608483,411
99,Chr1,1541172,1543645,1542408,2473
99,Chr1,29430281,29431228,29430755,947
99,Chr2,4523770,4523887,4523828,117
99,Chr3,10892890,10893006,10892948,116
99,Chr5,10151226,10151348,10151287,122
100,Chr1,12653793,12653934,12653863,141
100,Chr5,21244874,21250196,21247535,5322
100,Chr5,26494609,26494714,26494661,105
101,Chr1,26077198,26077726,26077462,528
101,Chr2,2269145,2269335,2269240,190
101,Chr2,7085413,7086375,7085894,962
101,Chr3,23196027,23206267,23201147,10240
101,Chr4,10329541,10329736,10329639,195
101,Chr5,7249111,7250880,7249995,1769
101,Chr5,8983732,8984521,8984126,789
101,Chr5,26277578,26277706,26277642,128
102,Chr1,14162080,14162352,14162216,272
102,Chr1,26797414,26797677,26797546,263
102,Chr2,811008,811441,811224,433
102,Chr2,16460198,16460884,16460541,686
102,Chr3,5964431,5965623,5965027,1192
102,Chr4,6403954,6406936,6405445,2982
102,Chr4,11549411,11550179,11549795,768
103,Chr1,2677853,2679553,2678703,1700
103,Chr1,7744076,7744098,7744087,22
103,Chr1,22792966,22793471,22793218,505
103,Chr2,16360232,16360541,16360386,309
103,Chr2,18338515,18338888,18338701,373
103,Chr3,160937,161576,161257,639
103,Chr3,7136658,7137203,7136930,545
103,Chr3,18023201,18023649,18023425,448
103,Chr5,7222844,7223513,7223178,669
103,Chr5,19581206,19582815,19582010,1609
104,Chr1,17248675,17248764,17248719,89
104,Chr3,3290911,3308301,3299606,17390
104,Chr3,17103550,17104053,17103802,503
104,Chr4,9097350,9098324,9097837,974
104,Chr5,2003007,2003428,2003217,421
104,Chr5,25428093,25429186,25428639,1093
105,Chr1,5196666,5197555,5197110,889
105,Chr1,16141442,16141475,16141458,33
105,Chr1,17224184,17224660,17224422,476
105,Chr3,3170602,3170642,3170622,40
105,Chr4,737506,737619,737562,113
105,Chr5,800479,800617,800548,138
105,Chr5,22388614,22388774,22388694,160
106,Chr1,3589889,3592074,3590981,2185
106,Chr1,17804955,17806487,17805721,1532
106,Chr1,24643347,24643433,24643390,86
106,Chr3,9494761,9494813,9494787,52
106,Chr3,11530816,11531209,11531012,393
106,Chr5,7269581,7269856,7269719,275
107,Chr1,13281154,13281248,13281201,94
107,Chr1,17269997,17270074,17270035,77
107,Chr2,6689371,6690012,6689691,641
107,Chr3,6250651,6250949,6250800,298
107,Chr4,7272687,7274195,7273441,1508
107,Chr5,769470,769592,769531,122
108,Chr1,7495655,7495657,7495656,2
108,Chr2,11967217,11968803,11968010,1586
108,Chr3,9493582,9493752,9493667,170
108,Chr4,851262,852842,852052,1580
108,Chr4,15938582,15941184,15939883,2602
108,Chr5,5437006,5437808,5437407,802
108,Chr5,9469794,9470495,9470144,701
108,Chr5,26763997,26764042,26764019,45
109,Chr1,6966310,6967202,6966756,892
109,Chr1,27642926,27643450,27643188,524
109,Chr2,9247382,9248719,9248050,1337
109,Chr3,5897068,5897592,5897330,524
109,Chr3,11745643,11745684,11745663,41
109,Chr3,19619731,19619931,19619831,200
109,Chr4,17815496,17817833,17816664,2337
109,Chr5,9005994,9006398,9006196,404
109,Chr5,19541186,19541250,19541218,64
109,Chr5,26814639,26815167,26814903,528
110,Chr1,4921643,4921688,4921665,45
110,Chr1,24253371,24253610,24253491,239
110,Chr2,6211598,6212391,6211994,793
110,Chr3,10336470,10336923,10336696,453
110,Chr4,147422,148872,148147,1450
110,Chr4,17818243,17818852,17818547,609
110,Chr5,7686555,7686815,7686685,260
111,Chr1,26076550,26076698,26076624,148
111,Chr2,10175900,10176240,10176070,340
111,Chr2,12359227,12361056,12360141,1829
111,Chr4,1339830,1340272,1340051,442
111,Chr5,18158410,18158658,18158534,248
111,Chr5,21579858,21580064,21579961,206
112,Chr1,10355353,10355364,10355359,11
112,Chr1,20160366,20160641,20160504,275
112,Chr2,9483414,9483749,9483582,335
112,Chr2,13871985,13872371,13872178,386
112,Chr3,8042616,8042694,8042655,78
112,Chr4,7054892,7055638,7055265,746
112,Chr5,9261195,9268197,9264696,7002
112,Chr5,14533319,14534026,14533673,707
112,Chr5,21957838,21958471,21958154,633
112,Chr5,21998392,21998631,21998512,239
113,Chr1,22924011,22924144,22924077,133
113,Chr2,6827509,6833577,6830543,6068
113,Chr2,8550136,8551940,8551038,1804
113,Chr4,526374,526673,526524,299
113,Chr4,11520955,11521774,11521365,819
113,Chr4,18314297,18314808,18314553,511
113,Chr5,754787,756827,755807,2040
113,Chr5,17562144,17565986,17564065,3842
113,Chr5,18932190,18932633,18932412,443
114,Chr1,4685536,4690603,4688070,5067
114,Chr2,11297529,11297777,11297653,248
114,Chr3,15940322,15940601,15940462,279
114,Chr3,16567201,16567671,16567436,470
114,Chr4,10223895,10224002,10223949,107
114,Chr5,16616346,16617111,16616728,765
115,Chr1,364128,371972,368050,7844
115,Chr1,4943495,4943754,4943625,259
115,Chr1,6209605,6211828,6210717,2223
115,Chr1,16713951,16714573,16714262,622
115,Chr1,20110365,20135630,20122997,25265
115,Chr2,175195,175875,175535,680
115,Chr2,11599507,11600232,11599869,725
115,Chr3,5060112,5061066,5060589,954
115,Chr3,14783476,14784108,14783792,632
115,Chr4,17598529,17599850,17599189,1321
115,Chr5,8794038,8794544,8794291,506
115,Chr5,19651105,19651392,19651249,287
116,Chr1,570864,571284,571074,420
116,Chr1,16132256,16132382,16132319,126
116,Chr1,28504480,28504651,28504566,171
116,Chr2,5053030,5053042,5053036,12
116,Chr3,10652330,10652899,10652614,569
116,Chr3,20776365,20777990,20777177,1625
116,Chr4,6821435,6821927,6821681,492
116,Chr4,6929713,6931668,6930691,1955
116,Chr5,5847298,5847536,5847417,238
116,Chr5,18017386,18017610,18017498,224
117,Chr1,12495134,12495476,12495305,342
117,Chr2,4523887,4525145,4524516,1258
117,Chr3,1862472,1862938,1862705,466
117,Chr3,5829997,5830132,5830065,135
117,Chr3,18464572,18464772,18464672,200
117,Chr4,11908168,11908283,11908226,115
117,Chr5,15910487,15911076,15910781,589
117,Chr5,26111109,26111430,26111269,321
118,Chr1,24940859,24947124,24943991,6265
118,Chr2,8490785,8491343,8491064,558
118,Chr2,15135050,15135288,15135169,238
118,Chr3,9315074,9315521,9315298,447
118,Chr3,11029939,11031437,11030688,1498
118,Chr4,408246,408274,408260,28
118,Chr5,9106725,9107720,9107223,995
119,Chr1,8405137,8418107,8411622,12970
119,Chr1,11663687,11664818,11664253,1131
119,Chr1,29463834,29463934,29463884,100
119,Chr2,469464,469938,469701,474
119,Chr2,10143201,10143552,10143377,351
119,Chr3,15825726,15826004,15825865,278
119,Chr4,9784257,9785271,9784764,1014
119,Chr5,15208034,15210352,15209193,2318
120,Chr2,497139,497616,497377,477
120,Chr2,19252624,19255517,19254070,2893
120,Chr3,18709125,18709139,18709132,14
120,Chr4,8472145,8472215,8472180,70
120,Chr4,13466675,13468469,13467572,1794
120,Chr5,18697045,18697833,18697439,788
121,Chr1,24804824,24805052,24804938,228
121,Chr2,6354107,6354494,6354301,387
121,Chr3,109363,110600,109981,1237
121,Chr3,2441096,2441405,2441250,309
121,Chr3,16886171,16886429,16886300,258
121,Chr4,6159843,6159939,6159891,96
121,Chr5,8808103,8808275,8808189,172
122,Chr1,8918762,8919721,8919242,959
122,Chr2,1124775,1124985,1124880,210
122,Chr2,18488769,18490022,18489395,1253
122,Chr3,11745838,11746300,11746069,462
122,Chr4,12430880,12431009,12430944,129
122,Chr5,1029389,1029468,1029429,79
122,Chr5,18080784,18080941,18080862,157
123,Chr1,16273932,16274064,16273998,132
123,Chr1,25661522,25661728,25661625,206
123,Chr2,13781008,13781317,13781162,309
123,Chr3,11105559,11105718,11105639,159
123,Chr3,16431598,16434127,16432862,2529
123,Chr5,380239,381294,380767,1055
123,Chr5,21075331,21077386,21076359,2055
123,Chr5,26298570,26298764,26298667,194
124,Chr1,28988832,28989234,28989033,402
124,Chr2,9940087,9940285,9940186,198
124,Chr2,12775373,12775701,12775537,328
124,Chr3,18832741,18832793,18832767,52
124,Chr4,1429414,1431285,1430350,1871
124,Chr4,6396193,6396224,6396209,31
124,Chr4,17599850,17601372,17600611,1522
124,Chr5,23979477,23979604,23979541,127
125,Chr1,1967163,1968407,1967785,1244
125,Chr1,9883359,9883839,9883599,480
125,Chr1,23086927,23087532,23087229,605
125,Chr1,29703237,29703723,29703480,486
125,Chr2,13302150,13302244,13302197,94
125,Chr3,11189597,11192987,11191292,3390
125,Chr4,5700222,5700794,5700508,572
125,Chr4,7636775,7636799,7636787,24
126,Chr1,10676632,10676851,10676742,219
126,Chr1,17208103,17208720,17208411,617
126,Chr2,1062584,1062798,1062691,214
126,Chr3,7599003,7599106,7599055,103
126,Chr4,5300356,5300575,5300466,219
126,Chr4,17676308,17676844,17676576,536
126,Chr5,1076546,1077145,1076846,599
126,Chr5,15739291,15739356,15739323,65
126,Chr5,23742256,23742381,23742318,125
127,Chr1,5872559,5873765,5873162,1206
127,Chr1,23144579,23146331,23145455,1752
127,Chr1,26231824,26231980,26231902,156
127,Chr2,513391,513820,513605,429
127,Chr3,15905954,15906145,15906050,191
127,Chr4,7423999,7424889,7424444,890
127,Chr4,17321497,17321928,17321713,431
127,Chr5,17654887,17656754,17655821,1867
127,Chr5,26628339,26629387,26628863,1048
128,Chr1,3059730,3060954,3060342,1224
128,Chr1,17351406,17351693,17351550,287
128,Chr3,9315521,9316394,9315957,873
128,Chr3,15987619,15988017,15987818,398
128,Chr4,9932214,9932287,9932250,73
128,Chr4,11350989,11351704,11351347,715
128,Chr5,18902228,18902337,18902282,109
129,Chr1,785448,797322,791385,11874
129,Chr1,7310172,7310486,7310329,314
129,Chr1,19204168,19204379,19204274,211
129,Chr2,1076546,1076836,1076691,290
129,Chr2,15784215,15784809,15784512,594
129,Chr3,3591390,3591474,3591432,84
129,Chr3,5556858,5557685,5557272,827
129,Chr3,18229789,18230565,18230177,776
129,Chr3,20912303,20912877,20912590,574
129,Chr5,16797607,16797985,16797796,378
130,Chr1,13030531,13030566,13030549,35
130,Chr1,24840811,24843579,24842195,2768
130,Chr2,809661,810356,810009,695
130,Chr3,17948924,17949014,17948969,90
130,Chr5,14090121,14090348,14090235,227
130,Chr5,17096790,17097537,17097164,747
131,Chr2,12413768,12413811,12413790,43
131,Chr3,4833045,4838356,4835701,5311
131,Chr3,7693826,7693904,7693865,78
131,Chr4,1221048,1221378,1221213,330
131,Chr5,8733909,8735564,8734737,1655
131,Chr5,25701026,25701960,25701493,934
132,Chr1,22518583,22518761,22518672,178
132,Chr2,13295871,13296439,13296155,568
132,Chr3,9843371,9843786,9843579,415
132,Chr4,8944561,8944585,8944573,24
132,Chr5,2193324,2193651,2193488,327
132,Chr5,7524260,7525118,7524689,858
132,Chr5,17880308,17880654,17880481,346
133,Chr1,4767860,4768155,4768008,295
133,Chr1,16800944,16801304,16801124,360
133,Chr2,7269188,7274728,7271958,5540
133,Chr3,7614086,7615338,7614712,1252
133,Chr3,10321553,10321726,10321639,173
133,Chr4,6520916,6521776,6521346,860
133,Chr4,7579188,7579582,7579385,394
133,Chr5,8287903,8288452,8288177,549
133,Chr5,17473604,17474632,17474118,1028
134,Chr1,11013980,11014923,11014452,943
134,Chr1,29405034,29406152,29405593,1118
134,Chr2,8372138,8372518,8372328,380
134,Chr2,9693360,9693808,9693584,448
134,Chr3,16234858,16238459,16236658,3601
134,Chr5,15246981,15247138,15247059,157
135,Chr3,15905195,15905954,15905575,759
135,Chr4,10152749,10154799,10153774,2050
135,Chr5,608005,608113,608059,108
135,Chr5,9171727,9171899,9171813,172
136,Chr1,22173580,22173977,22173778,397
136,Chr2,5910631,5917423,5914027,6792
136,Chr3,7286716,7286991,7286854,275
136,Chr5,5904838,5905257,5905048,419
137,Chr1,29235059,29235317,29235188,258
137,Chr2,6242269,6242419,6242344,150
137,Chr2,10610058,10610624,10610341,566
137,Chr3,10796880,10796928,10796904,48
137,Chr4,790184,791303,790744,1119
137,Chr4,5169834,5170173,5170004,339
137,Chr5,10451916,10452140,10452028,224
137,Chr5,23377986,23378213,23378100,227
137,Chr5,24550662,24554495,24552578,3833
138,Chr1,13141603,13141717,13141660,114
138,Chr2,1032412,1032498,1032455,86
138,Chr2,13746997,13747169,13747083,172
138,Chr3,653545,654195,653870,650
138,Chr4,6486554,6487875,6487214,1321
138,Chr5,9808919,9808927,9808923,8
138,Chr5,26111109,26111430,26111269,321
139,Chr1,8028161,8029855,8029008,1694
139,Chr2,17770973,17776171,17773572,5198
139,Chr4,6886519,6891942,6889231,5423
139,Chr4,18519547,18521001,18520274,1454
139,Chr5,9427383,9428086,9427735,703
139,Chr5,17289444,17289600,17289522,156
140,Chr1,25666208,25666879,25666544,671
140,Chr3,7866523,7866577,7866550,54
141,Chr2,16824123,16824209,16824166,86
141,Chr3,9835667,9836293,9835980,626
141,Chr3,11905374,11905672,11905523,298
141,Chr4,5636103,5636133,5636118,30
141,Chr5,177248,178351,177800,1103
142,Chr1,9143891,9144942,9144417,1051
142,Chr1,12132124,12132135,12132130,11
142,Chr1,29993180,29994488,29993834,1308
142,Chr2,116877,117382,117129,505
142,Chr2,645527,645838,645683,311
142,Chr3,11467059,11467627,11467343,568
142,Chr4,7775601,7780733,7778167,5132
142,Chr5,8415352,8415686,8415519,334
143,Chr1,28150525,28151571,28151048,1046
143,Chr2,397738,398681,398210,943
143,Chr2,17887845,17889159,17888502,1314
143,Chr5,5387519,5388277,5387898,758
143,Chr5,15863472,15863563,15863518,91
143,Chr5,21840571,21840825,21840698,254
144,Chr1,1529028,1529081,1529054,53
144,Chr1,3198701,3201679,3200190,2978
144,Chr2,11336006,11337771,11336888,1765
144,Chr3,22650981,22651918,22651449,937
144,Chr4,9879375,9882331,9880853,2956
144,Chr5,19159862,19160029,19159946,167
145,Chr1,6527066,6527447,6527256,381
145,Chr1,19821699,19822074,19821887,375
145,Chr2,100082,100349,100216,267
145,Chr2,9885992,9886588,9886290,596
145,Chr3,9718105,9718566,9718335,461
145,Chr3,10950822,10951558,10951190,736
145,Chr4,10037556,10037849,10037702,293
145,Chr5,7777603,7777767,7777685,164
145,Chr5,21202372,21204352,21203362,1980
146,Chr1,21744276,21849617,21796946,105341
146,Chr2,482418,482493,482456,75
146,Chr3,10355994,10356006,10356000,12
146,Chr4,735453,736727,736090,1274
146,Chr4,7529311,7529362,7529337,51
146,Chr4,12467099,12469138,12468119,2039
146,Chr5,6751559,6752061,6751810,502
146,Chr5,23851215,23851485,23851350,270
146,Chr5,26904251,26904414,26904333,163
147,Chr2,7875606,7876129,7875868,523
147,Chr3,8109014,8109340,8109177,326
147,Chr4,5738724,5738869,5738796,145
147,Chr4,14945003,14946949,14945976,1946
147,Chr5,14125254,14126345,14125800,1091
148,Chr1,19690184,19694584,19692384,4400
148,Chr2,1142251,1142371,1142311,120
148,Chr2,1492260,1492430,1492345,170
148,Chr2,19012554,19013031,19012792,477
148,Chr3,11299385,11299502,11299443,117
148,Chr4,10156380,10156474,10156427,94
148,Chr5,879964,880193,880078,229
148,Chr5,9966676,9967257,9966966,581
149,Chr1,1658912,1659344,1659128,432
149,Chr1,19689774,19690184,19689979,410
149,Chr1,24687117,24687622,24687369,505
149,Chr2,908251,908464,908357,213
149,Chr2,16725992,16726441,16726216,449
149,Chr3,5897602,5897647,5897624,45
149,Chr3,9837747,9837876,9837811,129
149,Chr4,6112892,6112945,6112918,53
149,Chr5,7890155,7890474,7890315,319
149,Chr5,15317553,15317699,15317626,146
149,Chr5,24670345,24670548,24670447,203
150,Chr1,8045449,8046238,8045843,789
150,Chr1,16473766,16474232,16473999,466
150,Chr1,25560206,25560834,25560520,628
150,Chr2,7458237,7462646,7460441,4409
150,Chr2,12477361,12477489,12477425,128
150,Chr3,8604722,8604766,8604744,44
150,Chr4,403483,404455,403969,972
150,Chr4,7370740,7371165,7370952,425
150,Chr4,15860463,15861245,15860854,782
150,Chr5,15866828,15866952,15866890,124
151,Chr1,12253849,12253995,12253922,146
151,Chr1,19601624,19601837,19601730,213
151,Chr1,23288754,23289340,23289047,586
151,Chr2,4523887,4525145,4524516,1258
151,Chr2,15640564,15640586,15640575,22
151,Chr3,7214361,7214472,7214417,111
151,Chr4,11033208,11033299,11033254,91
151,Chr5,22605223,22605307,22605265,84
152,Chr1,7856169,7856244,7856207,75
152,Chr2,10030619,10030649,10030634,30
152,Chr2,16497605,16498057,16497831,452
152,Chr2,17665296,17667049,17666172,1753
152,Chr3,15674945,15675382,15675163,437
152,Chr3,16932996,16933335,16933166,339
152,Chr4,15071954,15072086,15072020,132
152,Chr5,1150733,1150843,1150788,110
152,Chr5,22257797,22258455,22258126,658
152,Chr5,25613136,25615044,25614090,1908
153,Chr1,210850,266254,238552,55404
153,Chr1,10581520,10581811,10581666,291
153,Chr1,23757797,23757852,23757825,55
153,Chr2,5835710,5835811,5835760,101
153,Chr3,18372422,18373264,18372843,842
153,Chr3,23089553,23089841,23089697,288
153,Chr5,388801,389920,389361,1119
153,Chr5,26639775,26642849,26641312,3074
154,Chr1,4131615,4133018,4132317,1403
154,Chr1,12527725,12527763,12527744,38
154,Chr1,16471791,16471958,16471875,167
154,Chr1,24658814,24659406,24659110,592
154,Chr2,7122263,7122829,7122546,566
154,Chr3,6678191,6680689,6679440,2498
154,Chr3,18301454,18302582,18302018,1128
154,Chr4,395701,395710,395705,9
154,Chr4,17736287,17736321,17736304,34
154,Chr5,9965191,9966263,9965727,1072
154,Chr5,13955355,13955358,13955357,3
154,Chr5,26211992,26213207,26212600,1215
155,Chr1,785252,785394,785323,142
155,Chr1,12366506,12367023,12366764,517
155,Chr1,16132859,16133182,16133021,323
155,Chr3,9690405,9690920,9690663,515
155,Chr3,17597940,17598823,17598382,883
155,Chr4,9344064,9346225,9345144,2161
155,Chr5,524328,524457,524392,129
155,Chr5,9310156,9310427,9310292,271
156,Chr1,16921450,16921749,16921600,299
156,Chr2,2024893,2066807,2045850,41914
156,Chr3,17706064,17706440,17706252,376
156,Chr4,6028226,6028287,6028256,61
156,Chr4,7441236,7441461,7441348,225
156,Chr5,16054725,16054942,16054833,217
157,Chr1,16688752,16689472,16689112,720
157,Chr1,25454201,25454251,25454226,50
157,Chr2,13299823,13300118,13299971,295
157,Chr3,8617879,8618809,8618344,930
157,Chr3,20565761,20565899,20565830,138
157,Chr4,5724993,5725089,5725041,96
157,Chr4,8292533,8292596,8292565,63
157,Chr4,18165970,18166636,18166303,666
157,Chr5,6832539,6832755,6832647,216
157,Chr5,19185323,19186246,19185785,923
158,Chr1,16133417,16133722,16133569,305
158,Chr1,20839073,20839298,20839185,225
158,Chr2,6279518,6282560,6281039,3042
158,Chr2,10271320,10271383,10271352,63
158,Chr3,8157852,8157975,8157914,123
158,Chr4,5190143,5190180,5190161,37
158,Chr5,3188232,3188283,3188258,51
158,Chr5,9424273,9424671,9424472,398
159,Chr1,1173194,1173253,1173224,59
159,Chr1,16887978,16888167,16888072,189
159,Chr2,9977524,9977763,9977644,239
159,Chr3,16203799,16219172,16211485,15373
159,Chr4,10866584,10866740,10866662,156
159,Chr4,12258592,12258966,12258779,374
160,Chr1,5789314,5790007,5789660,693
160,Chr2,10365867,10367122,10366495,1255
160,Chr3,8982179,8982921,8982550,742
160,Chr3,17889133,17889326,17889229,193
160,Chr4,8301898,8305925,8303912,4027
160,Chr5,10185234,10185520,10185377,286
160,Chr5,18020146,18021012,18020579,866
160,Chr5,25626384,25631376,25628880,4992
161,Chr1,17294596,17294852,17294724,256
161,Chr2,633142,633563,633352,421
161,Chr2,19023087,19044487,19033787,21400
161,Chr4,918082,918393,918238,311
161,Chr4,16377676,16377843,16377760,167
162,Chr1,20399593,20402511,20401052,2918
162,Chr2,8098266,8098399,8098332,133
162,Chr3,4810169,4811682,4810925,1513
162,Chr3,14751059,14751737,14751398,678
162,Chr4,16895202,16895571,16895386,369
162,Chr5,5304846,5304861,5304854,15
162,Chr5,8147606,8147795,8147700,189
162,Chr5,25035669,25036433,25036051,764
163,Chr1,610189,612351,611270,2162
163,Chr1,24853447,24853481,24853464,34
163,Chr1,28013331,28016026,28014679,2695
163,Chr2,10674428,10674684,10674556,256
163,Chr3,9984227,9985049,9984638,822
163,Chr3,15333154,15333837,15333496,683
163,Chr4,7196106,7196919,7196512,813
163,Chr4,17673719,17676844,17675281,3125
163,Chr5,14557299,14557502,14557401,203
164,Chr1,22184431,22184700,22184565,269
164,Chr2,608355,608848,608601,493
164,Chr2,16149854,16149892,16149873,38
164,Chr3,1351276,1351507,1351392,231
164,Chr4,6100626,6102033,6101330,1407
164,Chr5,21443158,21443726,21443442,568
165,Chr1,8346898,8347702,8347300,804
165,Chr1,8393447,8393795,8393621,348
165,Chr1,23397252,23398189,23397720,937
165,Chr3,16253247,16263291,16258269,10044
165,Chr4,5299360,5299432,5299396,72
165,Chr4,17537332,17537566,17537449,234
165,Chr5,17866758,17866851,17866804,93
166,Chr1,3570857,3571177,3571017,320
166,Chr1,12482645,12482689,12482667,44
166,Chr1,24002197,24002500,24002349,303
166,Chr2,1024403,1024683,1024543,280
166,Chr2,10055575,10056631,10056103,1056
166,Chr2,16901611,16901926,16901769,315
166,Chr3,20675566,20675922,20675744,356
166,Chr4,13973705,13973951,13973828,246
167,Chr1,26595033,26595472,26595253,439
167,Chr2,5832998,5834065,5833532,1067
167,Chr3,10739540,10742318,10740929,2778
167,Chr4,5636482,5636677,5636580,195
168,Chr3,18892226,18892450,18892338,224
168,Chr4,746793,747211,747002,418
168,Chr4,5248148,5248855,5248502,707
168,Chr4,17730098,17733478,17731788,3380
168,Chr5,17713204,17713670,17713437,466
168,Chr5,18735684,18736948,18736316,1264
169,Chr1,528348,549671,539010,21323
169,Chr1,28691673,28707111,28699392,15438
169,Chr2,13191209,13191584,13191397,375
169,Chr4,140135,140430,140283,295
169,Chr5,13903484,13903860,13903672,376
169,Chr5,15019478,15019865,15019672,387
170,Chr2,9589746,9590293,9590020,547
170,Chr2,19318955,19319049,19319002,94
170,Chr3,5634449,5634785,5634617,336
170,Chr3,10175490,10175827,10175658,337
170,Chr4,1095856,1096446,1096151,590
170,Chr4,6100626,6102033,6101330,1407
170,Chr5,10373696,10378246,10375971,4550
170,Chr5,26350424,26350663,26350544,239
171,Chr1,4233508,4233888,4233698,380
171,Chr1,27071132,27071166,27071149,34
171,Chr1,28043186,28044005,28043596,819
171,Chr3,8282126,8282562,8282344,436
171,Chr3,18877176,18878126,18877651,950
171,Chr4,6048505,6048753,6048629,248
171,Chr4,17337998,17338082,17338040,84
171,Chr5,14533319,14534441,14533880,1122
171,Chr5,20996092,20996775,20996434,683
171,Chr5,26243623,26243657,26243640,34
172,Chr1,8393795,8393960,8393877,165
172,Chr1,23857717,23857869,23857793,152
172,Chr2,9214493,9214877,9214685,384
172,Chr3,17537964,17538319,17538142,355
172,Chr3,18541417,18541952,18541685,535
172,Chr4,6287728,6288204,6287966,476
172,Chr4,15997999,15998990,15998495,991
172,Chr5,18761643,18761644,18761643,1
173,Chr1,11389731,11390113,11389922,382
173,Chr1,20488311,20488755,20488533,444
173,Chr4,10142152,10143188,10142670,1036
173,Chr4,12858746,12860195,12859470,1449
173,Chr5,15711277,15711508,15711393,231
173,Chr5,16944797,16945469,16945133,672
174,Chr1,11389731,11390113,11389922,382
174,Chr2,767114,767974,767544,860
174,Chr3,6621619,6627542,6624581,5923
174,Chr3,22400453,22401890,22401171,1437
174,Chr5,13660855,13660882,13660869,27
174,Chr5,19030507,19031054,19030781,547
175,Chr1,8205969,8206096,8206033,127
175,Chr2,407596,409105,408350,1509
175,Chr2,17614792,17615400,17615096,608
175,Chr3,2008550,2008957,2008754,407
175,Chr4,8571501,8571608,8571555,107
175,Chr5,8194352,8194483,8194418,131
175,Chr5,15625383,15626318,15625851,935
176,Chr1,17997232,17997307,17997270,75
176,Chr2,19259712,19260777,19260244,1065
176,Chr3,2390461,2392446,2391453,1985
176,Chr3,16566607,16566849,16566728,242
176,Chr4,7717612,7717804,7717708,192
176,Chr5,10240352,10240442,10240397,90
177,Chr1,12709448,12709516,12709482,68
177,Chr1,17693617,17695111,17694364,1494
177,Chr2,17819388,17821308,17820348,1920
177,Chr3,4776017,4776041,4776029,24
178,Chr1,17293150,17293423,17293286,273
178,Chr1,26269074,26270502,26269788,1428
178,Chr2,9808696,9809616,9809156,920
178,Chr2,13018058,13018475,13018266,417
178,Chr3,15700406,15705634,15703020,5228
178,Chr3,23280934,23281157,23281046,223
178,Chr4,5739933,5740385,5740159,452
178,Chr5,317796,317844,317820,48
178,Chr5,16768544,16768661,16768602,117
179,Chr1,2319381,2319866,2319623,485
179,Chr1,17566135,17566400,17566267,265
179,Chr2,10367487,10367792,10367639,305
179,Chr2,14847985,14848062,14848023,77
179,Chr3,9262363,9262462,9262413,99
179,Chr3,22221131,22221640,22221385,509
179,Chr4,10715235,10715369,10715302,134
179,Chr5,3739552,3739815,3739684,263
179,Chr5,20630519,20630806,20630663,287
179,Chr5,23091024,23091090,23091057,66
180,Chr1,18216002,18218041,18217022,2039
180,Chr1,28581705,28581757,28581731,52
180,Chr2,18854957,18855185,18855071,228
180,Chr3,1288351,1288376,1288363,25
180,Chr3,6672200,6673096,6672648,896
180,Chr3,16405634,16405675,16405654,41
180,Chr4,6096802,6098440,6097621,1638
180,Chr5,2263057,2263444,2263251,387
180,Chr5,8580048,8580851,8580450,803
181,Chr1,26377979,26378482,26378231,503
181,Chr3,1019521,1020263,1019892,742
181,Chr3,9166453,9166587,9166520,134
181,Chr3,20682609,20683493,20683051,884
181,Chr4,5716167,5723568,5719867,7401
181,Chr5,18165029,18165082,18165055,53
182,Chr1,10309807,10310218,10310013,411
182,Chr2,6164551,6164728,6164639,177
182,Chr2,9630200,9631205,9630702,1005
182,Chr3,10144775,10144919,10144847,144
182,Chr3,18751343,18751617,18751480,274
182,Chr3,19817344,19818443,19817894,1099
182,Chr4,8298704,8301826,8300265,3122
182,Chr4,9299711,9300688,9300199,977
183,Chr1,4266002,4266415,4266208,413
183,Chr1,22790060,22790364,22790212,304
183,Chr1,25378760,25379037,25378898,277
183,Chr3,16534127,16535245,16534686,1118
183,Chr3,21735964,21736700,21736332,736
183,Chr4,1309615,1310540,1310077,925
183,Chr5,8621226,8621361,8621294,135
183,Chr5,18701716,18701776,18701746,60
183,Chr5,25017068,25019796,25018432,2728
184,Chr1,1004842,1022802,1013822,17960
184,Chr2,6387341,6387391,6387366,50
184,Chr2,6796694,6801370,6799032,4676
184,Chr3,1353199,1353218,1353209,19
184,Chr4,5447789,5448146,5447967,357
184,Chr4,6079624,6079795,6079710,171
184,Chr4,17676308,17676844,17676576,536
185,Chr1,25352479,25353686,25353083,1207
185,Chr2,15563987,15564323,15564155,336
185,Chr3,17555484,17556286,17555885,802
185,Chr4,747211,749559,748385,2348
186,Chr1,11910292,11914409,11912350,4117
186,Chr1,24988032,24988250,24988141,218
186,Chr2,9752535,9752795,9752665,260
186,Chr2,12418879,12419551,12419215,672
186,Chr3,1066606,1066827,1066716,221
186,Chr3,8012099,8012564,8012331,465
186,Chr3,16121860,16122442,16122151,582
186,Chr4,8889546,8889744,8889645,198
186,Chr5,421402,421454,421428,52
186,Chr5,15246287,15246981,15246634,694
186,Chr5,26599903,26600754,26600329,851
187,Chr1,7733079,7733080,7733079,1
187,Chr1,21058758,21059587,21059172,829
187,Chr3,14751965,14753183,14752574,1218
187,Chr5,266711,267263,266987,552
187,Chr5,18982327,18982745,18982536,418
187,Chr5,19923886,19924112,19923999,226
187,Chr5,25191557,25191577,25191567,20
188,Chr1,13225291,13225727,13225509,436
188,Chr1,24898194,24900387,24899290,2193
188,Chr1,29181832,29182208,29182020,376
188,Chr2,12423071,12423875,12423473,804
188,Chr3,11065294,11072922,11069108,7628
188,Chr3,12667099,12667182,12667141,83
188,Chr4,5703603,5704374,5703989,771
188,Chr4,7999909,8001267,8000588,1358
188,Chr4,17049975,17050166,17050071,191
188,Chr5,23300583,23300895,23300739,312
189,Chr1,2316708,2316792,2316750,84
189,Chr2,9585325,9588883,9587104,3558
189,Chr3,8240209,8240796,8240503,587
189,Chr3,17687466,17690178,17688822,2712
189,Chr3,23069179,23069690,23069435,511
189,Chr4,10274383,10274977,10274680,594
189,Chr5,1381229,1381331,1381280,102
190,Chr1,8309770,8309808,8309789,38
190,Chr1,19687940,19688034,19687987,94
190,Chr1,28567262,28568888,28568075,1626
190,Chr2,6304391,6304570,6304481,179
190,Chr2,6802479,6802673,6802576,194
190,Chr3,9700205,9700824,9700515,619
190,Chr3,17495278,17495393,17495336,115
190,Chr4,11720770,11721945,11721358,1175
190,Chr5,974988,975264,975126,276
190,Chr5,5934607,5934739,5934673,132
190,Chr5,15653252,15653267,15653260,15
190,Chr5,26369569,26372698,26371133,3129
191,Chr1,432021,432547,432284,526
191,Chr1,7674749,7675677,7675213,928
191,Chr1,10586569,10587002,10586785,433
191,Chr1,27121294,27121417,27121356,123
191,Chr2,6810323,6810401,6810362,78
191,Chr3,3540367,3541042,3540705,675
191,Chr3,16808217,16808646,16808431,429
191,Chr3,18904878,18905657,18905268,779
191,Chr5,842013,842295,842154,282
192,Chr1,17389102,17390041,17389572,939
192,Chr1,24467880,24468047,24467964,167
192,Chr1,28178440,28178536,28178488,96
192,Chr3,4729910,4730151,4730030,241
192,Chr3,6222981,6224042,6223511,1061
192,Chr4,5455490,5456227,5455858,737
192,Chr5,2063149,2063529,2063339,380
192,Chr5,15226496,15226529,15226512,33
192,Chr5,21267116,21267276,21267196,160
