lib,chrs,start,stop,cos,width
1,Chr1,6619970,6620076,6620023,106
1,Chr1,17975588,17975935,17975762,347
1,Chr1,19473731,19473736,19473733,5
1,Chr1,28545297,28545824,28545561,527
1,Chr2,1860896,1860998,1860947,102
1,Chr2,10506408,10506410,10506409,2
1,Chr3,1507025,1508190,1507607,1165
1,Chr3,18477141,18477457,18477299,316
1,Chr4,5793003,5794456,5793729,1453
1,Chr4,8922529,8922801,8922665,272
1,Chr5,7752619,7752722,7752671,103
1,Chr5,24374404,24374842,24374623,438
2,Chr1,19852841,19853349,19853095,508
2,Chr2,9987868,9987872,9987870,4
2,Chr2,12293246,12294066,12293656,820
2,Chr4,5183574,5184244,5183909,670
2,Chr5,9969044,9969375,9969210,331
2,Chr5,22277559,22278703,22278131,1144
3,Chr1,3016934,3018133,3017534,1199
3,Chr1,3775325,3776018,3775671,693
3,Chr1,26684976,26686384,26685680,1408
3,Chr1,28208679,28209042,28208861,363
3,Chr2,9985535,9985742,9985639,207
3,Chr2,10804156,10805000,10804578,844
3,Chr2,19489551,19489799,19489675,248
3,Chr3,952637,953374,953005,737
3,Chr3,22421890,22424707,22423298,2817
3,Chr4,79904,80055,79980,151
3,Chr4,11646371,11648174,11647273,1803
3,Chr5,21066886,21067412,21067149,526
3,Chr5,25181216,25181291,25181254,75
4,Chr1,8342139,8342557,8342348,418
4,Chr3,9498042,9498131,9498086,89
4,Chr3,10950476,10950491,10950484,15
4,Chr4,12450369,12450579,12450474,210
4,Chr4,14440291,14441324,14440807,1033
4,Chr5,8999455,8999561,8999508,106
4,Chr5,10875716,10875893,10875804,177
4,Chr5,23921315,23921909,23921612,594
5,Chr1,22669880,22672423,22671152,2543
5,Chr1,28919556,28921564,28920560,2008
5,Chr2,13858234,13858691,13858462,457
5,Chr3,394184,394565,394374,381
5,Chr4,1397516,1397528,1397522,12
5,Chr5,26235896,26235989,26235942,93
5,Chr5,26598281,26599229,26598755,948
6,Chr1,6772739,6773774,6773257,1035
6,Chr1,28651893,28707111,28679502,55218
6,Chr2,2921863,2924135,2922999,2272
6,Chr2,5920713,5920848,5920781,135
6,Chr2,18707596,18707995,18707796,399
6,Chr3,7097453,7097565,7097509,112
6,Chr3,8527639,8529020,8528329,1381
6,Chr3,21044970,21045206,21045088,236
6,Chr4,7245539,7245768,7245653,229
6,Chr5,7819739,7819919,7819829,180
6,Chr5,17925525,17925970,17925747,445
7,Chr1,8863024,8863343,8863184,319
7,Chr1,16778304,16778352,16778328,48
7,Chr2,7751956,7752337,7752146,381
7,Chr2,19319049,19320501,19319775,1452
7,Chr3,7616023,7617844,7616933,1821
7,Chr4,616657,617084,616871,427
7,Chr5,13774735,13774765,13774750,30
7,Chr5,17738283,17739090,17738687,807
8,Chr1,12201915,12202259,12202087,344
8,Chr2,12152497,12154105,12153301,1608
8,Chr2,13821429,13821739,13821584,310
8,Chr3,9300507,9301038,9300773,531
8,Chr3,16241003,16241749,16241376,746
8,Chr4,7246529,7247349,7246939,820
8,Chr5,6767208,6767623,6767416,415
9,Chr1,8355045,8355186,8355115,141
9,Chr1,16642782,16643196,16642989,414
9,Chr1,23577372,23577940,23577656,568
9,Chr1,29874843,29875003,29874923,160
9,Chr2,6916796,6917861,6917328,1065
9,Chr3,23178490,23179753,23179122,1263
9,Chr4,16693938,16694586,16694262,648
9,Chr5,7810197,7810390,7810293,193
9,Chr5,21288933,21291254,21290093,2321
10,Chr1,6314286,6314555,6314420,269
10,Chr1,20784414,20785179,20784796,765
10,Chr2,12353512,12354308,12353910,796
10,Chr4,1397954,1398389,1398172,435
10,Chr4,12103074,12103089,12103082,15
10,Chr4,18206405,18208163,18207284,1758
10,Chr5,9868190,9869689,9868940,1499
11,Chr1,28918510,28919006,28918758,496
11,Chr2,19263042,19263461,19263252,419
11,Chr3,11805484,11805756,11805620,272
11,Chr5,1562536,1563821,1563178,1285
11,Chr5,10148140,10148698,10148419,558
12,Chr1,4953738,4954007,4953872,269
12,Chr1,11224291,11224308,11224299,17
12,Chr1,14024190,14027086,14025638,2896
12,Chr2,1696398,1696501,1696450,103
12,Chr2,5393223,5393279,5393251,56
12,Chr2,14374454,14375065,14374760,611
12,Chr3,9649726,9649783,9649754,57
12,Chr3,11739302,11739335,11739318,33
12,Chr4,491702,492590,492146,888
12,Chr4,16309249,16309737,16309493,488
12,Chr5,1868216,1872781,1870498,4565
12,Chr5,2367234,2367483,2367358,249
12,Chr5,16842897,16843192,16843045,295
13,Chr1,3561504,3562114,3561809,610
13,Chr1,4871666,4871740,4871703,74
13,Chr1,8947942,8948894,8948418,952
13,Chr1,20437736,20437958,20437847,222
13,Chr1,25250695,25253343,25252019,2648
13,Chr3,10738349,10738388,10738369,39
13,Chr3,18673005,18674157,18673581,1152
13,Chr4,1048582,1048971,1048776,389
13,Chr4,17413244,17414726,17413985,1482
13,Chr5,7755839,7755857,7755848,18
13,Chr5,14717569,14717912,14717741,343
13,Chr5,22191807,22192081,22191944,274
13,Chr5,25197408,25197899,25197654,491
14,Chr1,1694193,1695486,1694839,1293
14,Chr3,17254846,17258036,17256441,3190
14,Chr4,5366200,5366209,5366204,9
14,Chr5,8031659,8032290,8031975,631
14,Chr5,13518433,13518455,13518444,22
14,Chr5,18066024,18066749,18066386,725
14,Chr5,23081094,23081897,23081496,803
15,Chr1,9955811,9955866,9955839,55
15,Chr1,20493296,20496195,20494746,2899
15,Chr1,29422614,29422753,29422684,139
15,Chr2,6850622,6852092,6851357,1470
15,Chr3,10772633,10777435,10775034,4802
15,Chr3,23265952,23267425,23266688,1473
15,Chr4,697260,713314,705287,16054
15,Chr4,6821928,6823194,6822561,1266
15,Chr4,11490352,11490440,11490396,88
15,Chr5,22073660,22074132,22073896,472
16,Chr1,559506,560551,560028,1045
16,Chr2,1868425,1868671,1868548,246
16,Chr2,7994888,7995138,7995013,250
16,Chr2,10795050,10796101,10795576,1051
16,Chr3,3617665,3619114,3618389,1449
16,Chr3,9422819,9422995,9422907,176
16,Chr3,21694192,21702613,21698402,8421
16,Chr4,5703603,5704374,5703989,771
16,Chr4,7369829,7370740,7370285,911
16,Chr5,497370,497380,497375,10
16,Chr5,6411387,6412204,6411795,817
16,Chr5,9075489,9075504,9075497,15
16,Chr5,26729945,26730223,26730084,278
17,Chr1,7014014,7014367,7014190,353
17,Chr1,16891348,16891973,16891660,625
17,Chr1,19331912,19332438,19332175,526
17,Chr2,487784,487808,487796,24
17,Chr3,4790750,4791052,4790901,302
17,Chr3,10190276,10190449,10190362,173
17,Chr4,6515322,6515553,6515438,231
17,Chr5,9517427,9518089,9517758,662
17,Chr5,18212536,18212702,18212619,166
18,Chr2,7052855,7052937,7052896,82
18,Chr2,17993164,17995439,17994302,2275
18,Chr2,19242955,19243068,19243011,113
18,Chr3,809961,810135,810048,174
18,Chr3,15991816,15994063,15992940,2247
18,Chr4,6964554,6964681,6964618,127
19,Chr1,446882,447072,446977,190
19,Chr1,18040197,18040777,18040487,580
19,Chr2,2899783,2900750,2900267,967
19,Chr2,9923657,9932841,9928249,9184
19,Chr3,15983327,15983643,15983485,316
19,Chr4,119731,120416,120073,685
19,Chr4,17230031,17231366,17230699,1335
19,Chr5,5274669,5275780,5275225,1111
19,Chr5,8113122,8123127,8118124,10005
19,Chr5,24708241,24708452,24708347,211
20,Chr1,2444861,2445679,2445270,818
20,Chr1,23286680,23287397,23287038,717
20,Chr2,4802112,4802274,4802193,162
20,Chr3,7751524,7752639,7752082,1115
20,Chr3,10845715,10846116,10845915,401
20,Chr5,7268977,7269165,7269071,188
20,Chr5,8020330,8021317,8020824,987
20,Chr5,22045666,22045727,22045696,61
21,Chr1,16430791,16435132,16432961,4341
21,Chr2,971300,972306,971803,1006
21,Chr2,6669063,6669805,6669434,742
21,Chr2,11565998,11566529,11566264,531
21,Chr3,513273,513430,513351,157
21,Chr3,10355181,10355324,10355253,143
21,Chr3,22368481,22368743,22368612,262
21,Chr4,1197534,1197624,1197579,90
21,Chr5,13880957,13882391,13881674,1434
22,Chr1,3587880,3589889,3588884,2009
22,Chr1,17120805,17121116,17120961,311
22,Chr3,11834812,11834827,11834820,15
22,Chr4,460813,460817,460815,4
22,Chr4,6352650,6352776,6352713,126
22,Chr4,17837703,17840014,17838859,2311
22,Chr5,523592,523944,523768,352
22,Chr5,17842537,17843870,17843203,1333
22,Chr5,21576021,21576929,21576475,908
23,Chr1,2353866,2354165,2354016,299
23,Chr1,15923472,15923528,15923500,56
23,Chr1,29198915,29199476,29199195,561
23,Chr2,289413,289609,289511,196
23,Chr3,8816404,8816766,8816585,362
23,Chr4,6100626,6102033,6101330,1407
23,Chr5,8041930,8042426,8042178,496
24,Chr1,8146475,8146731,8146603,256
24,Chr1,8679469,8679532,8679501,63
24,Chr1,28238620,28239662,28239141,1042
24,Chr2,2901400,2901696,2901548,296
24,Chr2,12331836,12332210,12332023,374
24,Chr3,1065668,1066606,1066137,938
24,Chr4,17467919,17468311,17468115,392
24,Chr5,4158621,4159259,4158940,638
24,Chr5,26515605,26515633,26515619,28
25,Chr1,1146913,1147537,1147225,624
25,Chr2,7365362,7365632,7365497,270
25,Chr3,17998835,17998989,17998912,154
25,Chr5,26816922,26817862,26817392,940
26,Chr1,11472354,11472629,11472492,275
26,Chr2,8500616,8500796,8500706,180
26,Chr2,16786973,16788136,16787555,1163
26,Chr3,2573871,2574560,2574215,689
26,Chr4,6363826,6364538,6364182,712
26,Chr5,22828761,22829025,22828893,264
26,Chr5,26183790,26184240,26184015,450
27,Chr1,4888116,4889097,4888606,981
27,Chr1,12182462,12182726,12182594,264
27,Chr1,29482150,29482276,29482213,126
27,Chr2,19013031,19013900,19013465,869
27,Chr3,15669653,15674945,15672299,5292
27,Chr3,20379241,20380359,20379800,1118
27,Chr4,5143324,5143455,5143390,131
27,Chr5,25919785,25921384,25920585,1599
28,Chr1,26515431,26517661,26516546,2230
28,Chr2,10665699,10665764,10665731,65
28,Chr3,16890103,16890436,16890269,333
28,Chr4,8222070,8222655,8222362,585
28,Chr4,17432701,17432997,17432849,296
28,Chr5,764118,764459,764288,341
28,Chr5,8739364,8739898,8739631,534
28,Chr5,18344397,18345117,18344757,720
28,Chr5,22175401,22175635,22175518,234
28,Chr5,26254090,26254698,26254394,608
29,Chr1,1073161,1074092,1073627,931
29,Chr1,23354232,23354349,23354290,117
29,Chr2,1254831,1254841,1254836,10
29,Chr2,1556610,1563204,1559907,6594
29,Chr3,3197029,3197798,3197413,769
29,Chr3,8711843,8712101,8711972,258
29,Chr3,17084635,17084656,17084645,21
29,Chr4,268341,269260,268801,919
29,Chr5,7385164,7385903,7385534,739
29,Chr5,14989536,14989735,14989636,199
29,Chr5,21471847,21472066,21471957,219
30,Chr1,11196183,11196559,11196371,376
30,Chr1,24582693,24582817,24582755,124
30,Chr3,1121465,1122294,1121879,829
30,Chr3,14811716,14812859,14812288,1143
30,Chr3,15703814,15705634,15704724,1820
30,Chr4,17239128,17239446,17239287,318
30,Chr5,8419338,8421871,8420604,2533
30,Chr5,21191021,21191662,21191341,641
31,Chr1,8449056,8449814,8449435,758
31,Chr1,17181647,17181828,17181737,181
31,Chr1,24538166,24538388,24538277,222
31,Chr2,6543825,6544214,6544019,389
31,Chr3,15502078,15502094,15502086,16
31,Chr4,14769580,14773912,14771746,4332
31,Chr5,3142217,3142402,3142309,185
31,Chr5,16166110,16166415,16166262,305
32,Chr1,8075699,8075958,8075829,259
32,Chr3,11154865,11155269,11155067,404
32,Chr4,17731252,17733478,17732365,2226
32,Chr5,9855408,9855906,9855657,498
33,Chr1,4150237,4150345,4150291,108
33,Chr2,494756,494979,494868,223
33,Chr2,6209081,6209132,6209107,51
33,Chr3,15926090,15926272,15926181,182
33,Chr5,5995013,5995980,5995497,967
34,Chr1,4120891,4121964,4121427,1073
34,Chr1,16133417,16133452,16133435,35
34,Chr2,6927055,6927364,6927209,309
34,Chr3,8547553,8547650,8547601,97
34,Chr3,18343977,18344539,18344258,562
34,Chr5,13228021,13228025,13228023,4
35,Chr1,18323103,18327124,18325113,4021
35,Chr1,28211477,28211885,28211681,408
35,Chr2,618345,618596,618471,251
35,Chr2,19104354,19105725,19105040,1371
35,Chr4,12079300,12080171,12079736,871
35,Chr5,828738,828850,828794,112
35,Chr5,8458652,8458729,8458690,77
35,Chr5,25238539,25239365,25238952,826
36,Chr1,7205419,7205458,7205439,39
36,Chr2,7817326,7817967,7817646,641
36,Chr2,9438310,9438877,9438594,567
36,Chr2,12346993,12347178,12347085,185
36,Chr2,13771361,13771484,13771423,123
36,Chr3,1352623,1353199,1352911,576
36,Chr3,18780226,18780414,18780320,188
36,Chr4,388080,390127,389104,2047
36,Chr5,14519509,14519685,14519597,176
36,Chr5,16241955,16242490,16242223,535
36,Chr5,25927530,25928590,25928060,1060
37,Chr1,10056800,10057433,10057116,633
37,Chr1,19321413,19321584,19321499,171
37,Chr2,1681360,1681545,1681452,185
37,Chr2,10737564,10738167,10737866,603
37,Chr3,7903165,7903276,7903221,111
37,Chr3,11104932,11105279,11105106,347
37,Chr3,18578397,18578487,18578442,90
37,Chr4,11631139,11631295,11631217,156
37,Chr5,17754031,17754540,17754285,509
38,Chr1,6623991,6624079,6624035,88
38,Chr3,1049257,1051451,1050354,2194
38,Chr3,11382734,11383195,11382964,461
38,Chr3,15570803,15571175,15570989,372
38,Chr4,1507633,1507816,1507725,183
38,Chr5,14104391,14104457,14104424,66
38,Chr5,21504178,21504229,21504204,51
39,Chr1,7118491,7120370,7119431,1879
39,Chr1,18364561,18365892,18365227,1331
39,Chr2,8093964,8094161,8094062,197
39,Chr3,6249723,6249982,6249853,259
39,Chr4,7785778,7785877,7785828,99
39,Chr5,4647184,4647800,4647492,616
39,Chr5,17606521,17607351,17606936,830
40,Chr1,432021,432547,432284,526
40,Chr1,17248322,17248343,17248332,21
40,Chr1,20235496,20236696,20236096,1200
40,Chr1,29161545,29162106,29161825,561
40,Chr2,12431238,12432925,12432082,1687
40,Chr3,17479515,17479801,17479658,286
40,Chr4,6750454,6751006,6750730,552
41,Chr1,21197859,21198249,21198054,390
41,Chr1,21941906,21941998,21941952,92
41,Chr5,16102078,16102924,16102501,846
41,Chr5,17930023,17930527,17930275,504
42,Chr1,13046300,13047214,13046757,914
42,Chr2,1172593,1173253,1172923,660
42,Chr2,9919689,9919692,9919691,3
42,Chr5,19969947,19970620,19970283,673
43,Chr1,11531203,11532022,11531613,819
43,Chr1,12192531,12193701,12193116,1170
43,Chr2,13788435,13789789,13789112,1354
43,Chr3,2008249,2008550,2008399,301
43,Chr3,8236471,8237061,8236766,590
43,Chr3,22904444,22906108,22905276,1664
43,Chr4,799424,799485,799454,61
43,Chr4,5768878,5770231,5769554,1353
43,Chr5,1095922,1095926,1095924,4
43,Chr5,13834254,13834673,13834464,419
44,Chr4,7812404,7812574,7812489,170
44,Chr5,15916705,15916786,15916745,81
45,Chr1,17186793,17187012,17186903,219
45,Chr2,230550,231074,230812,524
45,Chr2,12133288,12133874,12133581,586
45,Chr3,1303290,1303338,1303314,48
45,Chr3,7920392,7920538,7920465,146
45,Chr3,15709680,15709811,15709746,131
45,Chr4,11602645,11602704,11602675,59
45,Chr5,7860215,7861657,7860936,1442
46,Chr1,10104187,10104729,10104458,542
46,Chr2,2309628,2309771,2309700,143
46,Chr2,7076947,7082545,7079746,5598
46,Chr3,11260902,11262200,11261551,1298
46,Chr3,12451084,12451263,12451174,179
46,Chr4,134932,135086,135009,154
46,Chr4,10521100,10521173,10521136,73
46,Chr5,887968,888973,888470,1005
46,Chr5,18658221,18659471,18658846,1250
47,Chr1,10612552,10612818,10612685,266
47,Chr1,26540587,26540962,26540775,375
47,Chr2,5180476,5180615,5180546,139
47,Chr3,3081243,3082166,3081705,923
47,Chr3,11651107,11651505,11651306,398
47,Chr3,18482531,18482917,18482724,386
47,Chr4,6865998,6866788,6866393,790
47,Chr4,7957850,7958229,7958040,379
47,Chr5,231011,231438,231225,427
47,Chr5,8698886,8699167,8699026,281
48,Chr1,4359394,4359546,4359470,152
48,Chr1,11619213,11619368,11619291,155
48,Chr3,3597609,3598666,3598137,1057
48,Chr5,6993975,6996286,6995131,2311
48,Chr5,14087112,14087427,14087270,315
49,Chr1,26519303,26520424,26519863,1121
49,Chr2,10666721,10666964,10666843,243
49,Chr3,16890103,16890436,16890269,333
49,Chr4,8222070,8222655,8222362,585
49,Chr4,17432191,17432639,17432415,448
49,Chr5,765472,765618,765545,146
49,Chr5,8739364,8739898,8739631,534
49,Chr5,18344397,18345117,18344757,720
49,Chr5,22174890,22175344,22175117,454
49,Chr5,26254090,26254698,26254394,608
50,Chr1,3949439,4027386,3988413,77947
50,Chr2,494756,494979,494868,223
50,Chr2,6209081,6209132,6209107,51
50,Chr3,15926030,15926090,15926060,60
50,Chr5,5995013,5995980,5995497,967
51,Chr1,2353866,2354165,2354016,299
51,Chr1,15923997,15924287,15924142,290
51,Chr1,29199476,29200794,29200135,1318
51,Chr2,289413,289609,289511,196
51,Chr3,8816404,8816766,8816585,362
51,Chr4,6100239,6100626,6100433,387
51,Chr5,8041741,8041930,8041835,189
52,Chr1,11472652,11472778,11472715,126
52,Chr2,8295670,8296355,8296012,685
52,Chr2,16786621,16786973,16786797,352
52,Chr3,2574560,2576678,2575619,2118
52,Chr4,6363826,6364538,6364182,712
52,Chr5,22828536,22828670,22828603,134
52,Chr5,26184240,26184869,26184554,629
53,Chr1,6620076,6621019,6620548,943
53,Chr1,17975588,17975935,17975762,347
53,Chr1,19473949,19474593,19474271,644
53,Chr1,28546570,28549547,28548058,2977
53,Chr2,1861252,1862055,1861654,803
53,Chr2,10506526,10506550,10506538,24
53,Chr3,1507025,1508190,1507607,1165
53,Chr3,18476690,18477141,18476916,451
53,Chr4,5793003,5794456,5793729,1453
53,Chr4,8921003,8922529,8921766,1526
53,Chr5,7752565,7752619,7752592,54
53,Chr5,24374404,24374842,24374623,438
54,Chr1,3024401,3024457,3024429,56
54,Chr1,3773865,3773964,3773915,99
54,Chr1,26685700,26686384,26686042,684
54,Chr1,28205229,28208094,28206661,2865
54,Chr2,9985790,9986088,9985939,298
54,Chr2,10802453,10803989,10803221,1536
54,Chr2,19488888,19489551,19489220,663
54,Chr3,952637,953374,953005,737
54,Chr3,22421890,22424707,22423298,2817
54,Chr4,79847,79904,79875,57
54,Chr4,11648275,11649257,11648766,982
54,Chr5,21064697,21066886,21065791,2189
54,Chr5,25179582,25179752,25179667,170
55,Chr1,1072339,1073161,1072750,822
55,Chr1,23354110,23354232,23354171,122
55,Chr2,1254831,1254841,1254836,10
55,Chr2,1555928,1556205,1556066,277
55,Chr3,3197029,3197798,3197413,769
55,Chr3,8711843,8712101,8711972,258
55,Chr3,17084727,17086742,17085735,2015
55,Chr4,267889,268329,268109,440
55,Chr5,7382774,7383587,7383180,813
55,Chr5,14987207,14989268,14988237,2061
55,Chr5,21471847,21472066,21471957,219
56,Chr1,8075699,8075958,8075829,259
56,Chr3,11156689,11157106,11156897,417
56,Chr4,17731252,17733478,17732365,2226
56,Chr5,9855343,9855395,9855369,52
57,Chr1,17866641,17866802,17866721,161
57,Chr1,28356205,28356313,28356259,108
57,Chr4,6015897,6016684,6016291,787
58,Chr1,28918510,28919006,28918758,496
58,Chr2,19261847,19262246,19262047,399
58,Chr3,11807089,11807309,11807199,220
58,Chr5,1562536,1563821,1563178,1285
58,Chr5,10148720,10148947,10148834,227
59,Chr1,9955811,9955866,9955839,55
59,Chr1,20493296,20496195,20494746,2899
59,Chr1,29422171,29422753,29422462,582
59,Chr2,6849856,6850123,6849990,267
59,Chr3,10772633,10777435,10775034,4802
59,Chr3,23256677,23257482,23257079,805
59,Chr4,697260,713314,705287,16054
59,Chr4,6821435,6822620,6822027,1185
59,Chr4,11490440,11491597,11491018,1157
59,Chr5,22073660,22074132,22073896,472
60,Chr1,18328784,18329053,18328918,269
60,Chr1,28211477,28211885,28211681,408
60,Chr2,617852,618345,618098,493
60,Chr2,19101619,19103091,19102355,1472
60,Chr4,12079217,12079268,12079243,51
60,Chr5,828922,829009,828966,87
60,Chr5,8458652,8458729,8458690,77
60,Chr5,25238539,25239365,25238952,826
61,Chr1,7014014,7014367,7014190,353
61,Chr1,16891348,16891973,16891660,625
61,Chr1,19331912,19332438,19332175,526
61,Chr2,486199,486203,486201,4
61,Chr3,4789502,4789650,4789576,148
61,Chr3,10190969,10190989,10190979,20
61,Chr4,6515373,6515553,6515463,180
61,Chr5,9517427,9518089,9517758,662
61,Chr5,18211633,18212536,18212085,903
62,Chr1,4120891,4121964,4121427,1073
62,Chr1,16133417,16133722,16133569,305
62,Chr2,6926581,6927055,6926818,474
62,Chr3,8547405,8547485,8547445,80
62,Chr3,18343631,18343815,18343723,184
62,Chr5,11983583,11983753,11983668,170
63,Chr1,8863024,8863343,8863184,319
63,Chr1,16778402,16778504,16778453,102
63,Chr2,7751956,7752337,7752146,381
63,Chr2,19319049,19320501,19319775,1452
63,Chr3,7617940,7618063,7618002,123
63,Chr4,621475,623123,622299,1648
63,Chr5,13775224,13775267,13775246,43
63,Chr5,17738043,17738283,17738163,240
64,Chr1,2439590,2441778,2440684,2188
64,Chr1,23286680,23287397,23287038,717
64,Chr2,4802735,4802998,4802867,263
64,Chr3,7752129,7752743,7752436,614
64,Chr3,10845819,10846116,10845967,297
64,Chr5,7269200,7269581,7269390,381
64,Chr5,8020330,8021317,8020824,987
64,Chr5,22045727,22045807,22045767,80
65,Chr1,10486260,10486761,10486510,501
65,Chr2,12296776,12297160,12296968,384
65,Chr3,13486543,14750523,14118533,1263980
65,Chr4,956389,957416,956903,1027
65,Chr5,5457767,5458009,5457888,242
65,Chr5,7525853,7526261,7526057,408
65,Chr5,25445518,25447525,25446522,2007
66,Chr1,12455551,12455859,12455705,308
66,Chr1,13076724,13076966,13076845,242
66,Chr2,10525452,10527160,10526306,1708
66,Chr3,21896920,21897479,21897200,559
66,Chr4,11314377,11314822,11314599,445
66,Chr4,14865120,14865122,14865121,2
66,Chr5,1269487,1269796,1269641,309
66,Chr5,8791182,8791949,8791566,767
66,Chr5,16041584,16043668,16042626,2084
66,Chr5,18984259,18984533,18984396,274
66,Chr5,26001022,26001735,26001378,713
67,Chr2,2272346,2272941,2272644,595
67,Chr2,6827509,6833173,6830341,5664
67,Chr3,5754945,5755584,5755265,639
67,Chr3,8806254,8806301,8806278,47
67,Chr3,18944233,18944431,18944332,198
67,Chr4,9370917,9371459,9371188,542
67,Chr5,15020014,15020919,15020466,905
67,Chr5,24116037,24116220,24116129,183
68,Chr1,18031216,18031475,18031346,259
68,Chr2,10373681,10374485,10374083,804
68,Chr3,7944733,7944876,7944805,143
68,Chr3,22363075,22363529,22363302,454
68,Chr4,8139008,8139627,8139318,619
68,Chr4,10649216,10650193,10649704,977
68,Chr4,12933896,12934260,12934078,364
68,Chr5,4871236,4872647,4871942,1411
68,Chr5,23255326,23261694,23258510,6368
69,Chr1,5143991,5147182,5145587,3191
69,Chr2,8852962,8853707,8853334,745
69,Chr3,6488550,6488912,6488731,362
69,Chr3,16802366,16802403,16802384,37
69,Chr3,18200382,18200800,18200591,418
69,Chr4,1255045,1255081,1255063,36
69,Chr5,1378619,1379059,1378839,440
69,Chr5,15999183,15999439,15999311,256
69,Chr5,22768073,22768255,22768164,182
69,Chr5,25448167,25449204,25448685,1037
70,Chr1,27766254,27766881,27766568,627
70,Chr2,12944830,12946156,12945493,1326
70,Chr3,10062822,10065217,10064020,2395
70,Chr3,16568950,16569115,16569032,165
70,Chr4,9375982,9376304,9376143,322
70,Chr5,9863012,9863430,9863221,418
70,Chr5,26242782,26243623,26243202,841
71,Chr1,834962,844413,839688,9451
71,Chr1,4752467,4753060,4752763,593
71,Chr1,16874181,16874585,16874383,404
71,Chr1,24355988,24356763,24356376,775
71,Chr1,27222435,27222674,27222555,239
71,Chr2,19477725,19477947,19477836,222
71,Chr3,18455357,18456486,18455921,1129
71,Chr3,22667035,22669429,22668232,2394
71,Chr4,3669481,3669707,3669594,226
71,Chr4,15515190,15515741,15515466,551
71,Chr5,1087113,1088147,1087630,1034
71,Chr5,23054324,23054743,23054534,419
72,Chr1,17298002,17298149,17298076,147
72,Chr2,9667435,9667555,9667495,120
72,Chr2,10525452,10527160,10526306,1708
72,Chr3,4444826,4452589,4448708,7763
72,Chr3,11713680,11713706,11713693,26
72,Chr5,5434734,5435678,5435206,944
72,Chr5,26686171,26686630,26686401,459
73,Chr1,12689105,12689440,12689273,335
73,Chr1,24404657,24404680,24404669,23
73,Chr3,4778878,4779485,4779182,607
73,Chr3,11523980,11524278,11524129,298
73,Chr4,11131655,11132313,11131984,658
73,Chr5,17732190,17733426,17732808,1236
74,Chr1,11025233,11026032,11025633,799
74,Chr1,26185757,26186929,26186343,1172
74,Chr2,8580568,8581423,8580996,855
74,Chr2,11859329,11862567,11860948,3238
74,Chr2,15681108,15681119,15681114,11
74,Chr3,9337655,9337656,9337655,1
74,Chr4,6255382,6255594,6255488,212
74,Chr5,8229734,8231040,8230387,1306
74,Chr5,22843535,22844654,22844095,1119
75,Chr2,7125584,7132244,7128914,6660
75,Chr2,18957784,18957825,18957804,41
75,Chr3,10952335,10952428,10952381,93
75,Chr3,18750187,18750384,18750285,197
75,Chr3,22983454,22983710,22983582,256
75,Chr4,5633616,5633733,5633674,117
75,Chr4,17547032,17547237,17547134,205
75,Chr5,15870699,15871676,15871187,977
76,Chr2,9214877,9215342,9215109,465
76,Chr3,7867266,7868437,7867852,1171
76,Chr4,8294360,8295091,8294726,731
76,Chr5,15706345,15706513,15706429,168
77,Chr1,10057433,10057773,10057603,340
77,Chr1,19321584,19321659,19321622,75
77,Chr2,1689699,1693043,1691371,3344
77,Chr2,10713748,10718141,10715944,4393
77,Chr3,7934632,7934882,7934757,250
77,Chr3,11096941,11097013,11096977,72
77,Chr3,18725488,18725665,18725576,177
77,Chr4,11550901,11552896,11551899,1995
77,Chr5,17754031,17754540,17754285,509
78,Chr1,12636771,12637977,12637374,1206
78,Chr1,26619842,26620446,26620144,604
78,Chr3,5500654,5500765,5500710,111
78,Chr3,15706270,15706462,15706366,192
78,Chr4,6821221,6821435,6821328,214
78,Chr4,7353918,7354712,7354315,794
78,Chr4,17678216,17679721,17678968,1505
78,Chr5,21149901,21149947,21149924,46
79,Chr1,1201556,1201757,1201656,201
79,Chr1,10676851,10677698,10677275,847
79,Chr2,9734923,9734970,9734947,47
79,Chr3,9836333,9837698,9837015,1365
79,Chr3,22776659,22777266,22776963,607
79,Chr4,11020727,11020813,11020770,86
79,Chr5,5442161,5443611,5442886,1450
79,Chr5,9717038,9717917,9717478,879
79,Chr5,16088845,16088889,16088867,44
79,Chr5,23344833,23345329,23345081,496
79,Chr5,25749328,25750045,25749686,717
80,Chr1,10821979,10822267,10822123,288
80,Chr2,12375316,12375594,12375455,278
80,Chr3,7341125,7342100,7341613,975
80,Chr5,2657663,2658643,2658153,980
80,Chr5,5031501,5031656,5031579,155
80,Chr5,15379025,15379638,15379331,613
81,Chr1,23083702,23083885,23083794,183
81,Chr2,1610100,1611625,1610862,1525
81,Chr2,2893347,2893987,2893667,640
81,Chr3,9339210,9339218,9339214,8
81,Chr3,15674831,15674945,15674888,114
81,Chr4,16680297,16680422,16680359,125
81,Chr5,19112596,19113161,19112878,565
81,Chr5,26703487,26703866,26703677,379
82,Chr1,4212883,4213951,4213417,1068
82,Chr1,16797891,16798509,16798200,618
82,Chr2,7365944,7366213,7366078,269
82,Chr2,9798686,9799750,9799218,1064
82,Chr3,15341856,15341898,15341877,42
82,Chr3,16080892,16081319,16081106,427
82,Chr4,9986360,9986592,9986476,232
82,Chr4,17229053,17229166,17229109,113
82,Chr5,21427239,21427788,21427513,549
82,Chr5,23435572,23435866,23435719,294
83,Chr1,567068,567457,567262,389
83,Chr2,1667259,1667385,1667322,126
83,Chr2,17741640,17742758,17742199,1118
83,Chr3,549625,554683,552154,5058
83,Chr3,11728018,11731113,11729566,3095
83,Chr3,18481784,18481960,18481872,176
83,Chr4,5839186,5839832,5839509,646
83,Chr4,7028508,7028552,7028530,44
84,Chr2,9991665,9991911,9991788,246
84,Chr4,1393501,1395757,1394629,2256
84,Chr4,8019145,8019315,8019230,170
84,Chr5,9870167,9870202,9870185,35
84,Chr5,20149381,20186431,20167906,37050
85,Chr1,11390268,11390422,11390345,154
85,Chr1,17915333,17916654,17915993,1321
85,Chr1,19957571,19957896,19957733,325
85,Chr1,24612972,24613274,24613123,302
85,Chr2,1186486,1187377,1186932,891
85,Chr3,1313158,1313176,1313167,18
85,Chr3,1793239,1793520,1793379,281
85,Chr3,10706050,10706308,10706179,258
85,Chr5,6978777,6980058,6979417,1281
85,Chr5,7636425,7636711,7636568,286
85,Chr5,25738544,25738960,25738752,416
86,Chr1,8005912,8006233,8006072,321
86,Chr1,12455551,12455859,12455705,308
86,Chr1,29516254,29516306,29516280,52
86,Chr3,16913128,16913293,16913210,165
86,Chr4,5711913,5712279,5712096,366
86,Chr4,7965459,7966264,7965861,805
86,Chr5,23612131,23612482,23612307,351
87,Chr2,9667370,9667435,9667402,65
87,Chr4,7529894,7530505,7530200,611
87,Chr5,16412523,16412667,16412595,144
88,Chr1,15922303,15923046,15922675,743
88,Chr1,17768126,17768443,17768284,317
88,Chr2,2243035,2243797,2243416,762
88,Chr2,12912169,12912237,12912203,68
88,Chr3,11510414,11510542,11510478,128
88,Chr5,446495,447044,446769,549
88,Chr5,2453007,2453432,2453219,425
88,Chr5,16999350,16999774,16999562,424
89,Chr1,2443897,2444859,2444378,962
89,Chr1,22619688,22627671,22623680,7983
89,Chr2,1873675,1874578,1874127,903
89,Chr4,6091956,6092480,6092218,524
89,Chr5,15724073,15724457,15724265,384
90,Chr1,20449800,20456719,20453260,6919
90,Chr2,11669003,11671747,11670375,2744
90,Chr3,18395832,18396211,18396022,379
90,Chr5,2292671,2292886,2292779,215
90,Chr5,9650578,9650630,9650604,52
91,Chr1,6641514,6642102,6641808,588
91,Chr1,17330433,17330642,17330537,209
91,Chr2,18216876,18228405,18222640,11529
91,Chr3,11745471,11745576,11745523,105
91,Chr4,5729510,5729692,5729601,182
92,Chr1,5054681,5070376,5062529,15695
92,Chr1,5649599,5651476,5650537,1877
92,Chr1,19557024,19557202,19557113,178
92,Chr2,560385,560680,560533,295
92,Chr2,16459308,16459452,16459380,144
92,Chr3,16431598,16434127,16432862,2529
92,Chr3,16464899,16466237,16465568,1338
92,Chr4,17705572,17706591,17706082,1019
93,Chr1,7403470,7403540,7403505,70
93,Chr2,6810323,6810401,6810362,78
93,Chr2,19598321,19599050,19598685,729
93,Chr3,17401206,17401464,17401335,258
93,Chr3,17589202,17590139,17589670,937
93,Chr4,7429864,7431899,7430882,2035
93,Chr4,14838665,14841594,14840129,2929
93,Chr5,9913592,9913838,9913715,246
93,Chr5,18940599,18940775,18940687,176
94,Chr1,10209778,10211457,10210618,1679
94,Chr1,29446255,29446573,29446414,318
94,Chr2,9814356,9814827,9814592,471
94,Chr3,7631894,7632064,7631979,170
94,Chr3,8777541,8778814,8778177,1273
94,Chr3,9979274,9979407,9979340,133
95,Chr1,11061304,11062278,11061791,974
95,Chr2,10859675,10861465,10860570,1790
95,Chr5,9648541,9648922,9648731,381
96,Chr2,11140052,11140374,11140213,322
96,Chr2,18649709,18650758,18650233,1049
96,Chr3,8589874,8590092,8589983,218
96,Chr3,10603537,10604382,10603959,845
96,Chr3,22920458,22922075,22921266,1617
96,Chr4,18206405,18208163,18207284,1758
97,Chr1,16308616,16308987,16308802,371
97,Chr1,19031018,19043119,19037068,12101
97,Chr4,9361126,9361649,9361388,523
97,Chr5,7231427,7231781,7231604,354
97,Chr5,15775861,15775883,15775872,22
98,Chr1,12625013,12625339,12625176,326
98,Chr1,22191634,22192073,22191854,439
98,Chr2,15965087,15965195,15965141,108
98,Chr3,14940974,14941588,14941281,614
98,Chr4,5440254,5440694,5440474,440
98,Chr4,9965385,9966023,9965704,638
98,Chr5,7387125,7387339,7387232,214
99,Chr1,604664,605176,604920,512
99,Chr1,26078287,26078886,26078587,599
99,Chr3,9212374,9213039,9212706,665
99,Chr3,20773196,20773489,20773342,293
99,Chr4,188224,188333,188278,109
99,Chr4,10592886,10593191,10593038,305
99,Chr4,16657109,16659523,16658316,2414
100,Chr1,9726474,9727131,9726802,657
100,Chr2,476278,476472,476375,194
100,Chr2,16470804,16470909,16470856,105
100,Chr3,873628,874047,873838,419
100,Chr3,19287944,19291306,19289625,3362
100,Chr4,17802729,17802898,17802813,169
100,Chr5,14753349,14753403,14753376,54
100,Chr5,15467325,15467436,15467381,111
101,Chr1,7738102,7739748,7738925,1646
101,Chr3,9307171,9307286,9307229,115
101,Chr4,10723721,10724124,10723923,403
101,Chr4,12072303,12073672,12072987,1369
101,Chr5,4151099,4151852,4151475,753
101,Chr5,10134792,10134850,10134821,58
101,Chr5,21137758,21138496,21138127,738
101,Chr5,23056112,23056181,23056146,69
102,Chr1,11665757,11665900,11665829,143
102,Chr2,13393017,13394345,13393681,1328
102,Chr2,19081380,19082271,19081826,891
102,Chr3,591006,594003,592504,2997
102,Chr3,22767145,22767184,22767165,39
102,Chr4,948048,950698,949373,2650
102,Chr4,9157699,9158439,9158069,740
102,Chr4,13969925,13970032,13969979,107
102,Chr5,15754608,15754941,15754774,333
102,Chr5,21265346,21265694,21265520,348
102,Chr5,26574862,26576668,26575765,1806
103,Chr1,4080799,4080900,4080849,101
103,Chr1,4873347,4874819,4874083,1472
103,Chr1,17274085,17274690,17274387,605
103,Chr2,18579667,18580233,18579950,566
103,Chr3,10383547,10383787,10383667,240
103,Chr3,18962313,18962869,18962591,556
103,Chr4,7141374,7141473,7141424,99
103,Chr4,11816144,11816972,11816558,828
103,Chr5,14528402,14529776,14529089,1374
104,Chr1,560551,562860,561705,2309
104,Chr2,6669951,6670379,6670165,428
104,Chr3,16776254,16776395,16776324,141
104,Chr4,6817855,6819258,6818557,1403
105,Chr1,5825854,5826231,5826042,377
105,Chr1,10214480,10214544,10214512,64
105,Chr1,11220640,11220749,11220694,109
105,Chr1,25063747,25066469,25065108,2722
105,Chr2,9520752,9522856,9521804,2104
105,Chr3,10909289,10909316,10909303,27
105,Chr4,928746,929032,928889,286
105,Chr4,16661256,16661561,16661408,305
106,Chr1,11472652,11472778,11472715,126
106,Chr1,26531838,26535133,26533486,3295
106,Chr1,26595033,26595472,26595253,439
106,Chr2,8548811,8549049,8548930,238
106,Chr2,15153804,15153981,15153892,177
106,Chr3,10502397,10503637,10503017,1240
106,Chr4,401659,402127,401893,468
106,Chr4,1080650,1080706,1080678,56
106,Chr5,2351901,2352665,2352283,764
106,Chr5,5834044,5834236,5834140,192
106,Chr5,21117563,21117698,21117631,135
107,Chr1,16892318,16893212,16892765,894
107,Chr2,15169425,15170110,15169767,685
107,Chr3,16894325,16894669,16894497,344
107,Chr3,16951441,16951618,16951529,177
107,Chr4,12357453,12357544,12357499,91
107,Chr4,16688714,16689193,16688954,479
107,Chr4,17728871,17730098,17729485,1227
107,Chr5,9122179,9122372,9122275,193
108,Chr1,11534759,11535637,11535198,878
108,Chr1,24367754,24368382,24368068,628
108,Chr1,25906707,25907050,25906879,343
108,Chr2,9814356,9814827,9814592,471
108,Chr2,12145130,12145328,12145229,198
108,Chr3,9018528,9018677,9018602,149
108,Chr3,21521151,21541501,21531326,20350
108,Chr5,942737,943029,942883,292
108,Chr5,14884656,14884890,14884773,234
109,Chr2,9766568,9767438,9767003,870
109,Chr2,19161478,19162515,19161996,1037
109,Chr3,8980170,8980818,8980494,648
109,Chr3,11401060,11401482,11401271,422
109,Chr3,19609539,19609611,19609575,72
109,Chr4,1400994,1401345,1401170,351
109,Chr4,3893747,3893812,3893779,65
109,Chr4,11548533,11548575,11548554,42
109,Chr5,498858,498910,498884,52
110,Chr1,4584642,4584689,4584666,47
110,Chr1,10916109,10916193,10916151,84
110,Chr1,24864701,24865246,24864973,545
110,Chr1,28373134,28373525,28373330,391
110,Chr2,15112094,15112941,15112518,847
110,Chr3,2364072,2364347,2364210,275
110,Chr3,17241399,17241979,17241689,580
110,Chr4,10370571,10370867,10370719,296
110,Chr5,9662548,9662881,9662714,333
111,Chr1,12878893,12881313,12880103,2420
111,Chr1,16416406,16416571,16416488,165
111,Chr3,5963880,5964303,5964092,423
111,Chr3,18977452,18977947,18977700,495
111,Chr4,18440151,18442698,18441425,2547
111,Chr5,3011778,3012523,3012150,745
111,Chr5,9411182,9411276,9411229,94
111,Chr5,16818016,16818567,16818292,551
112,Chr2,7090140,7091839,7090990,1699
112,Chr2,8471776,8472015,8471896,239
112,Chr4,7169554,7180241,7174898,10687
112,Chr5,7492039,7493278,7492659,1239
113,Chr3,10334820,10336386,10335603,1566
113,Chr4,7142728,7142838,7142783,110
113,Chr4,8414737,8415877,8415307,1140
113,Chr4,18328336,18332236,18330286,3900
113,Chr5,15314972,15315054,15315013,82
113,Chr5,15608978,15611905,15610442,2927
114,Chr1,17457054,17457266,17457160,212
114,Chr1,28554192,28554286,28554239,94
114,Chr2,7817967,7818231,7818099,264
114,Chr2,13614598,13615713,13615156,1115
114,Chr4,15704253,15704384,15704319,131
114,Chr5,9356501,9356748,9356625,247
114,Chr5,15859727,15859766,15859747,39
114,Chr5,25981848,25982134,25981991,286
115,Chr1,7443983,7445310,7444647,1327
115,Chr1,12482689,12485833,12484261,3144
115,Chr2,7755089,7755449,7755269,360
115,Chr3,17587194,17587605,17587400,411
115,Chr4,5725736,5725943,5725840,207
115,Chr5,91189,92174,91681,985
115,Chr5,8802831,8802894,8802863,63
115,Chr5,20022317,20022778,20022547,461
115,Chr5,22584116,22585027,22584572,911
116,Chr1,12695071,12696597,12695834,1526
116,Chr1,19397107,19397509,19397308,402
116,Chr3,6099737,6100092,6099915,355
116,Chr4,5710760,5711038,5710899,278
116,Chr4,11629661,11629914,11629787,253
116,Chr5,14533319,14535433,14534376,2114
116,Chr5,14825148,14825165,14825156,17
116,Chr5,26177735,26179026,26178381,1291
117,Chr1,5387662,5387764,5387713,102
117,Chr1,8937260,8938844,8938052,1584
117,Chr1,25699510,25699716,25699613,206
117,Chr2,16607635,16608037,16607836,402
117,Chr3,17012113,17012349,17012231,236
117,Chr4,1378592,1378722,1378657,130
117,Chr5,26762544,26763500,26763022,956
118,Chr1,24657177,24657780,24657479,603
118,Chr2,5920848,5921219,5921034,371
118,Chr2,6895762,6897664,6896713,1902
118,Chr3,615573,615679,615626,106
118,Chr4,5151391,5151873,5151632,482
118,Chr5,14557561,14557634,14557597,73
119,Chr1,19810413,19810532,19810473,119
119,Chr1,29370369,29370646,29370507,277
119,Chr2,2313696,2313714,2313705,18
119,Chr4,16288070,16288413,16288242,343
119,Chr5,7978365,7979031,7978698,666
119,Chr5,10613480,10613509,10613494,29
119,Chr5,23983356,23983710,23983533,354
120,Chr1,28439449,28439536,28439493,87
120,Chr2,1729610,1729946,1729778,336
120,Chr3,18709139,18709336,18709237,197
120,Chr3,20475578,20477633,20476606,2055
120,Chr4,8069801,8069863,8069832,62
120,Chr5,1669685,1669827,1669756,142
121,Chr1,605242,605448,605345,206
121,Chr1,6865472,6865752,6865612,280
121,Chr1,11631213,11631846,11631529,633
121,Chr2,334781,335498,335139,717
121,Chr2,10285554,10285837,10285696,283
121,Chr3,11761341,11761471,11761406,130
121,Chr3,16986783,16986804,16986793,21
121,Chr4,5347018,5347138,5347078,120
122,Chr1,7890301,7890504,7890403,203
122,Chr2,303366,303994,303680,628
122,Chr2,7047340,7047411,7047376,71
122,Chr2,19311562,19312670,19312116,1108
122,Chr3,18209239,18209657,18209448,418
122,Chr4,9343624,9343665,9343644,41
122,Chr5,26775993,26776356,26776175,363
123,Chr1,1424237,1424464,1424351,227
123,Chr1,24787616,24787747,24787682,131
123,Chr2,9610474,9610589,9610532,115
123,Chr4,7320668,7321310,7320989,642
123,Chr4,9300189,9300688,9300439,499
124,Chr1,7884994,7885250,7885122,256
124,Chr1,14153233,14153548,14153391,315
124,Chr2,2316588,2316854,2316721,266
124,Chr3,16370019,16370203,16370111,184
124,Chr4,14867592,14867838,14867715,246
124,Chr5,13557997,13558014,13558005,17
125,Chr1,25612550,25612664,25612607,114
125,Chr2,2023986,2024893,2024440,907
125,Chr2,6686374,6686537,6686456,163
125,Chr2,17163429,17164451,17163940,1022
125,Chr3,5055665,5056010,5055837,345
125,Chr3,17891095,17891426,17891261,331
125,Chr4,7780793,7781006,7780899,213
125,Chr5,13772772,13772879,13772826,107
126,Chr1,11973179,11974001,11973590,822
126,Chr1,20016490,20016553,20016522,63
126,Chr1,28353855,28354028,28353941,173
126,Chr3,11103051,11103253,11103152,202
126,Chr4,5160304,5161680,5160992,1376
126,Chr4,11395063,11399326,11397195,4263
126,Chr5,13831471,13832401,13831936,930
126,Chr5,20630637,20630806,20630721,169
127,Chr1,618452,623047,620750,4595
127,Chr1,6015934,6017009,6016472,1075
127,Chr1,17252716,17253039,17252878,323
127,Chr1,27335997,27336259,27336128,262
127,Chr2,5932870,5932934,5932902,64
127,Chr3,7132926,7133180,7133053,254
127,Chr3,17561795,17562633,17562214,838
128,Chr1,4233506,4233508,4233507,2
128,Chr2,16841757,16842995,16842376,1238
128,Chr2,19467282,19467401,19467342,119
128,Chr3,6120063,6120096,6120079,33
128,Chr3,16583229,16583293,16583261,64
128,Chr5,2093947,2094551,2094249,604
129,Chr1,7679578,7683202,7681390,3624
129,Chr1,17393382,17394149,17393766,767
129,Chr1,27996713,27997785,27997249,1072
129,Chr3,16965169,16965260,16965215,91
129,Chr4,4867292,4867395,4867344,103
129,Chr4,14977150,14977526,14977338,376
129,Chr5,714119,716202,715161,2083
129,Chr5,19141135,19141235,19141185,100
130,Chr1,17477514,17477568,17477541,54
130,Chr2,652203,652292,652247,89
130,Chr2,6875180,6875554,6875367,374
130,Chr2,16606044,16606667,16606356,623
130,Chr3,2897801,2897956,2897879,155
130,Chr3,9666248,9666315,9666282,67
130,Chr3,15737778,15738051,15737914,273
130,Chr3,20740869,20741054,20740961,185
130,Chr3,22904811,22906108,22905459,1297
130,Chr4,11714063,11714166,11714115,103
130,Chr4,17548923,17549618,17549271,695
130,Chr5,16999350,16999774,16999562,424
130,Chr5,24100648,24102094,24101371,1446
131,Chr1,108769,109252,109011,483
131,Chr1,13280280,13280819,13280550,539
131,Chr1,18223453,18223955,18223704,502
131,Chr2,1529200,1529455,1529328,255
131,Chr2,7753412,7753532,7753472,120
131,Chr3,23187707,23189021,23188364,1314
131,Chr4,6927440,6929713,6928576,2273
131,Chr4,17526434,17527160,17526797,726
132,Chr1,11061304,11062278,11061791,974
132,Chr4,5646454,5647277,5646866,823
132,Chr5,14981023,14981371,14981197,348
132,Chr5,15409492,15409641,15409566,149
133,Chr1,4650334,4650523,4650428,189
133,Chr2,9518183,9518341,9518262,158
133,Chr2,10448508,10448757,10448632,249
133,Chr3,9213128,9214646,9213887,1518
133,Chr3,15904431,15904517,15904474,86
133,Chr3,18260516,18260966,18260741,450
133,Chr4,5152040,5152139,5152090,99
133,Chr5,6998825,6999664,6999245,839
133,Chr5,16861650,16862215,16861932,565
133,Chr5,26328425,26328504,26328465,79
134,Chr1,9193208,9193409,9193308,201
134,Chr1,9896912,9897382,9897147,470
134,Chr1,23918956,23919083,23919020,127
134,Chr1,26434062,26434265,26434164,203
134,Chr2,2347785,2347934,2347859,149
134,Chr3,602485,602809,602647,324
134,Chr3,11220247,11220568,11220407,321
134,Chr4,143460,143674,143567,214
134,Chr5,4988723,4989139,4988931,416
134,Chr5,9713163,9716705,9714934,3542
135,Chr1,16616905,16616978,16616941,73
135,Chr1,26773025,26778696,26775861,5671
135,Chr3,7631894,7632064,7631979,170
135,Chr4,8491603,8492828,8492215,1225
135,Chr5,7851893,7852801,7852347,908
135,Chr5,15104817,15104852,15104835,35
135,Chr5,19063025,19063903,19063464,878
136,Chr1,19517538,19517595,19517566,57
136,Chr2,6215530,6218007,6216768,2477
136,Chr4,5443116,5443178,5443147,62
136,Chr4,6037145,6037410,6037277,265
136,Chr5,14904164,14904218,14904191,54
137,Chr1,7709155,7709688,7709421,533
137,Chr1,18393641,18393865,18393753,224
137,Chr1,24531086,24531265,24531176,179
137,Chr1,28035711,28036159,28035935,448
137,Chr2,6360559,6360955,6360757,396
137,Chr4,5176403,5176491,5176447,88
137,Chr4,8816919,8819419,8818169,2500
137,Chr5,14540899,14541393,14541146,494
137,Chr5,26316581,26318393,26317487,1812
138,Chr1,22458737,22459019,22458878,282
138,Chr2,884031,884636,884333,605
138,Chr2,11733571,11734180,11733875,609
138,Chr2,15782851,15782942,15782897,91
138,Chr3,6333025,6333552,6333289,527
138,Chr3,14953791,14953993,14953892,202
138,Chr3,17619714,17620451,17620082,737
138,Chr3,21872551,21872776,21872663,225
138,Chr4,12101234,12101274,12101254,40
138,Chr5,1951823,1952375,1952099,552
138,Chr5,13771680,13772347,13772014,667
139,Chr1,16799450,16799669,16799560,219
139,Chr1,23846975,23846990,23846983,15
139,Chr2,2317514,2317605,2317560,91
139,Chr2,10174676,10174828,10174752,152
139,Chr2,12146480,12146763,12146622,283
139,Chr4,6896589,6896915,6896752,326
139,Chr4,17301506,17301802,17301654,296
139,Chr5,1107087,1107508,1107297,421
140,Chr1,11122710,11123645,11123178,935
140,Chr1,19551820,19552354,19552087,534
140,Chr1,24478100,24480713,24479406,2613
140,Chr3,17101731,17102442,17102087,711
140,Chr3,22650544,22650954,22650749,410
140,Chr4,7304949,7305012,7304981,63
140,Chr5,6978777,6980058,6979417,1281
141,Chr1,8653403,8653578,8653491,175
141,Chr1,26425084,26425659,26425372,575
141,Chr2,370163,371715,370939,1552
141,Chr2,6236991,6237302,6237147,311
141,Chr3,10625596,10626288,10625942,692
141,Chr3,18501701,18501815,18501758,114
141,Chr4,9254191,9254265,9254228,74
141,Chr4,18316195,18317215,18316705,1020
141,Chr5,19133556,19133977,19133766,421
141,Chr5,20269273,20271736,20270505,2463
141,Chr5,21151029,21151086,21151057,57
142,Chr1,7737796,7738102,7737949,306
142,Chr1,24843815,24844696,24844255,881
142,Chr2,7902058,7902174,7902116,116
142,Chr2,9709134,9710122,9709628,988
142,Chr3,5426804,5427607,5427206,803
142,Chr4,5801834,5802058,5801946,224
142,Chr4,8080513,8080629,8080571,116
142,Chr4,17819701,17820088,17819895,387
142,Chr5,8945330,8945405,8945368,75
143,Chr1,4946045,4948849,4947447,2804
143,Chr1,18230360,18230564,18230462,204
143,Chr1,19320280,19320351,19320316,71
143,Chr1,28589062,28589317,28589190,255
143,Chr2,7727765,7728151,7727958,386
143,Chr2,18179106,18187787,18183446,8681
143,Chr3,16741624,16741780,16741702,156
143,Chr3,20742240,20744611,20743426,2371
143,Chr4,9391970,9392400,9392185,430
143,Chr4,17586689,17586737,17586713,48
143,Chr5,1117626,1118019,1117822,393
144,Chr1,630457,631363,630910,906
144,Chr1,17249489,17249582,17249535,93
144,Chr2,10665764,10666721,10666242,957
144,Chr3,18997831,18997894,18997863,63
144,Chr4,7041944,7042287,7042116,343
144,Chr4,16764411,16778605,16771508,14194
144,Chr5,5932976,5933278,5933127,302
144,Chr5,13470243,13470432,13470337,189
144,Chr5,26511818,26511904,26511861,86
145,Chr1,6625206,6625801,6625504,595
145,Chr3,1055555,1055777,1055666,222
145,Chr3,11004573,11004734,11004653,161
145,Chr3,15569836,15570803,15570320,967
145,Chr4,1508037,1508284,1508161,247
145,Chr5,14104566,14105415,14104990,849
145,Chr5,21504598,21504921,21504760,323
146,Chr1,16430200,16430791,16430496,591
146,Chr2,971300,972306,971803,1006
146,Chr2,6669063,6669805,6669434,742
146,Chr2,11565998,11566529,11566264,531
146,Chr3,513273,513430,513351,157
146,Chr3,10355181,10355324,10355253,143
146,Chr3,22369129,22370570,22369849,1441
146,Chr4,1197316,1197362,1197339,46
146,Chr5,13880957,13882391,13881674,1434
147,Chr2,7255064,7255221,7255142,157
147,Chr2,17748864,17755511,17752188,6647
147,Chr3,9836293,9836333,9836313,40
147,Chr4,18208163,18209208,18208685,1045
147,Chr5,8146241,8146842,8146541,601
147,Chr5,25975808,25976643,25976226,835
148,Chr1,7118491,7120370,7119431,1879
148,Chr1,18364561,18365892,18365227,1331
148,Chr2,8093964,8094161,8094062,197
148,Chr3,6248946,6249723,6249334,777
148,Chr4,7784029,7785146,7784587,1117
148,Chr5,4647184,4647800,4647492,616
148,Chr5,17606521,17607351,17606936,830
149,Chr1,6772739,6773774,6773257,1035
149,Chr1,28651893,28707111,28679502,55218
149,Chr2,2921863,2924570,2923217,2707
149,Chr2,5920713,5920848,5920781,135
149,Chr2,18707175,18707596,18707385,421
149,Chr3,7095586,7095872,7095729,286
149,Chr3,8527639,8529020,8528329,1381
149,Chr3,21042731,21044970,21043851,2239
149,Chr4,7245539,7245768,7245653,229
149,Chr5,7817068,7817093,7817080,25
149,Chr5,17925525,17925970,17925747,445
150,Chr1,4954007,4966392,4960199,12385
150,Chr1,11224366,11224367,11224366,1
150,Chr1,14022591,14024190,14023391,1599
150,Chr2,1694249,1696398,1695323,2149
150,Chr2,5418309,5418733,5418521,424
150,Chr2,14384616,14384992,14384804,376
150,Chr3,9649726,9649735,9649730,9
150,Chr3,11739335,11739393,11739364,58
150,Chr4,491015,491702,491359,687
150,Chr4,16310481,16310825,16310653,344
150,Chr5,1871750,1872781,1872266,1031
150,Chr5,2367234,2367483,2367358,249
150,Chr5,16842379,16842897,16842638,518
151,Chr1,446882,447072,446977,190
151,Chr1,18040777,18041608,18041193,831
151,Chr2,2901362,2901400,2901381,38
151,Chr2,9923657,9932841,9928249,9184
151,Chr3,15983327,15983643,15983485,316
151,Chr4,119280,119731,119506,451
151,Chr4,17229322,17230031,17229676,709
151,Chr5,5274403,5274669,5274536,266
151,Chr5,8113122,8123127,8118124,10005
151,Chr5,24708623,24708947,24708785,324
152,Chr1,8146423,8146475,8146449,52
152,Chr1,8392782,8393239,8393010,457
152,Chr1,28238620,28239662,28239141,1042
152,Chr2,2901400,2901696,2901548,296
152,Chr2,12331836,12332210,12332023,374
152,Chr3,1065668,1066606,1066137,938
152,Chr4,17467919,17468311,17468115,392
152,Chr5,4158621,4159259,4158940,638
152,Chr5,26245196,26245810,26245503,614
153,Chr1,1977308,1977945,1977626,637
153,Chr1,11863177,11864161,11863669,984
153,Chr2,104435,105849,105142,1414
153,Chr2,2126276,2136479,2131378,10203
153,Chr3,3239938,3254469,3247204,14531
153,Chr3,4789061,4789432,4789247,371
153,Chr3,7845128,7864457,7854792,19329
153,Chr3,21453235,21465064,21459149,11829
153,Chr5,6224878,6224981,6224930,103
153,Chr5,25755295,25755658,25755477,363
154,Chr1,19849855,19851337,19850596,1482
154,Chr2,9987868,9987872,9987870,4
154,Chr2,12293246,12294066,12293656,820
154,Chr4,5183574,5184244,5183909,670
154,Chr5,9969044,9969375,9969210,331
154,Chr5,22277559,22278703,22278131,1144
155,Chr1,1694193,1695486,1694839,1293
155,Chr3,17254846,17258036,17256441,3190
155,Chr4,5365189,5365304,5365247,115
155,Chr5,8030303,8030309,8030306,6
155,Chr5,13228246,13228430,13228338,184
155,Chr5,18065052,18065172,18065112,120
155,Chr5,23081094,23081897,23081496,803
156,Chr1,11196183,11196559,11196371,376
156,Chr1,24581908,24582693,24582300,785
156,Chr3,1121465,1122294,1121879,829
156,Chr3,14811793,14812859,14812326,1066
156,Chr3,15703814,15705362,15704588,1548
156,Chr4,17239446,17240357,17239902,911
156,Chr5,8419098,8419338,8419218,240
156,Chr5,21397223,21397311,21397267,88
157,Chr1,8354852,8355045,8354948,193
157,Chr1,16643504,16643665,16643584,161
157,Chr1,23577940,23578489,23578214,549
157,Chr1,29878497,29879361,29878929,864
157,Chr2,6916607,6916706,6916657,99
157,Chr3,23176452,23176940,23176696,488
157,Chr4,16693938,16694586,16694262,648
157,Chr5,7811026,7812011,7811518,985
157,Chr5,21292983,21293186,21293085,203
158,Chr2,7052855,7052937,7052896,82
158,Chr2,17993038,17993070,17993054,32
158,Chr2,19243068,19243444,19243256,376
158,Chr3,809741,809961,809851,220
158,Chr3,15991816,15994063,15992940,2247
158,Chr4,6964554,6964681,6964618,127
159,Chr1,3561504,3562114,3561809,610
159,Chr1,4872272,4872961,4872616,689
159,Chr1,8946816,8947867,8947342,1051
159,Chr1,20445369,20446829,20446099,1460
159,Chr1,25250695,25253343,25252019,2648
159,Chr3,10738349,10738388,10738369,39
159,Chr3,18676322,18676757,18676540,435
159,Chr4,1048582,1048971,1048776,389
159,Chr4,17413867,17414726,17414297,859
159,Chr5,7757457,7757531,7757494,74
159,Chr5,14717937,14718224,14718081,287
159,Chr5,22191807,22192081,22191944,274
159,Chr5,25197899,25199080,25198489,1181
160,Chr1,4889209,4890219,4889714,1010
160,Chr1,12183367,12184393,12183880,1026
160,Chr1,29472823,29474237,29473530,1414
160,Chr2,19014885,19014963,19014924,78
160,Chr3,15665059,15666043,15665551,984
160,Chr3,20379241,20380359,20379800,1118
160,Chr4,5143324,5143455,5143390,131
160,Chr5,25921384,25922647,25922016,1263
161,Chr1,6309969,6310786,6310377,817
161,Chr1,20783430,20783937,20783684,507
161,Chr2,12353512,12354308,12353910,796
161,Chr4,1397847,1397954,1397901,107
161,Chr4,12102390,12102917,12102654,527
161,Chr4,18210972,18213701,18212336,2729
161,Chr5,9867742,9868076,9867909,334
162,Chr1,8448407,8448613,8448510,206
162,Chr1,16813509,16813871,16813690,362
162,Chr1,24537444,24538166,24537805,722
162,Chr2,6542501,6542833,6542667,332
162,Chr3,15502149,15502186,15502167,37
162,Chr4,14769580,14773912,14771746,4332
162,Chr5,3141165,3141794,3141479,629
162,Chr5,16166110,16166415,16166262,305
163,Chr1,8655715,8655976,8655845,261
163,Chr1,23138212,23138507,23138360,295
163,Chr2,584278,584455,584366,177
163,Chr2,11650786,11650852,11650819,66
163,Chr3,18835469,18835787,18835628,318
163,Chr5,10238732,10239128,10238930,396
163,Chr5,21138846,21139502,21139174,656
164,Chr1,432021,432547,432284,526
164,Chr1,17248322,17248343,17248332,21
164,Chr1,20236696,20236721,20236708,25
164,Chr1,29163082,29163173,29163128,91
164,Chr2,12430587,12430748,12430667,161
164,Chr3,17479224,17479256,17479240,32
164,Chr4,6752117,6752193,6752155,76
165,Chr1,562860,563367,563114,507
165,Chr2,1867137,1867994,1867565,857
165,Chr2,7995138,7995274,7995206,136
165,Chr2,10794804,10795050,10794927,246
165,Chr3,3619114,3620055,3619584,941
165,Chr3,9423138,9425914,9424526,2776
165,Chr3,21694236,21702613,21698424,8377
165,Chr4,5700959,5701150,5701055,191
165,Chr4,7369829,7370740,7370285,911
165,Chr5,497253,497380,497317,127
165,Chr5,6414528,6414575,6414552,47
165,Chr5,9075489,9075504,9075497,15
165,Chr5,26729049,26729813,26729431,764
166,Chr1,1147537,1148269,1147903,732
166,Chr2,7365632,7365944,7365788,312
166,Chr3,17997323,17997566,17997445,243
166,Chr5,26817862,26818104,26817983,242
167,Chr1,8699720,8699795,8699758,75
167,Chr2,1693043,1696398,1694721,3355
167,Chr2,7106499,7107182,7106841,683
167,Chr3,906192,906827,906510,635
167,Chr3,8858623,8858872,8858747,249
167,Chr3,19948548,19948807,19948678,259
167,Chr4,7807771,7808014,7807893,243
167,Chr4,18183975,18185822,18184899,1847
167,Chr5,20721947,20722285,20722116,338
168,Chr1,23513942,23514372,23514157,430
168,Chr3,16940390,16940793,16940592,403
168,Chr4,1306905,1308587,1307746,1682
168,Chr4,5986030,5986330,5986180,300
168,Chr4,10849382,10849383,10849382,1
168,Chr5,6981844,6982037,6981940,193
169,Chr1,17768126,17768443,17768284,317
169,Chr1,27977370,27978540,27977955,1170
169,Chr2,19354836,19354940,19354888,104
169,Chr3,12597801,12598950,12598375,1149
169,Chr4,177047,177244,177145,197
169,Chr4,739223,739367,739295,144
169,Chr4,14277732,14277738,14277735,6
169,Chr5,8561596,8562140,8561868,544
170,Chr1,11061304,11062278,11061791,974
170,Chr2,2024893,2066807,2045850,41914
170,Chr2,15515610,15515736,15515673,126
170,Chr3,2076039,2076180,2076109,141
170,Chr3,10742051,10742318,10742185,267
170,Chr4,5301387,5301856,5301621,469
170,Chr4,9991654,9993665,9992660,2011
170,Chr5,8676616,8676676,8676646,60
171,Chr1,15917235,15917390,15917313,155
171,Chr1,23495517,23496852,23496185,1335
171,Chr3,3948135,3948751,3948443,616
171,Chr3,23261142,23261229,23261186,87
171,Chr5,2449765,2451940,2450853,2175
171,Chr5,21244874,21250196,21247535,5322
172,Chr1,6621623,6622215,6621919,592
172,Chr1,8937260,8938844,8938052,1584
172,Chr4,5300356,5300575,5300466,219
172,Chr4,11256462,11256548,11256505,86
173,Chr1,9897382,9898891,9898136,1509
173,Chr1,19695673,19695964,19695819,291
173,Chr2,19556968,19557034,19557001,66
173,Chr5,21127924,21128507,21128216,583
174,Chr1,13683572,13689385,13686478,5813
174,Chr1,27095306,27095813,27095560,507
174,Chr2,6686955,6686957,6686956,2
174,Chr2,11797597,11797697,11797647,100
174,Chr3,9836333,9837698,9837015,1365
174,Chr3,10361673,10362105,10361889,432
174,Chr5,13593377,13593668,13593523,291
174,Chr5,25739216,25739673,25739444,457
175,Chr1,4233888,4235774,4234831,1886
175,Chr1,21933531,21935211,21934371,1680
175,Chr1,29368595,29368894,29368745,299
175,Chr2,448998,449243,449120,245
175,Chr2,9977107,9977156,9977131,49
175,Chr3,8064661,8065655,8065158,994
175,Chr4,10751900,10752203,10752052,303
175,Chr5,22957758,22959944,22958851,2186
176,Chr1,8405137,8431089,8418113,25952
176,Chr1,16471958,16472503,16472230,545
176,Chr1,23189519,23189900,23189709,381
176,Chr2,362413,362450,362431,37
176,Chr2,12783726,12784025,12783876,299
176,Chr3,1753832,1754993,1754412,1161
176,Chr3,7213724,7214290,7214007,566
176,Chr4,12087886,12088745,12088316,859
176,Chr5,8379288,8379646,8379467,358
177,Chr1,1461286,1461848,1461567,562
177,Chr1,8901085,8909492,8905289,8407
177,Chr2,811008,812905,811956,1897
177,Chr2,9859106,9859538,9859322,432
177,Chr3,8922751,8923137,8922944,386
177,Chr3,11811085,11811148,11811117,63
177,Chr3,22187001,22187581,22187291,580
177,Chr4,130310,130947,130628,637
177,Chr4,17442797,17442975,17442886,178
177,Chr5,939862,940266,940064,404
177,Chr5,8874155,8876444,8875299,2289
177,Chr5,20941306,20941544,20941425,238
178,Chr1,4233508,4233888,4233698,380
178,Chr2,393665,393748,393707,83
178,Chr3,5560232,5560423,5560328,191
178,Chr3,9377671,9377864,9377767,193
178,Chr3,10767910,10772633,10770272,4723
178,Chr4,9320279,9320382,9320331,103
178,Chr5,155033,155384,155209,351
178,Chr5,8581361,8581461,8581411,100
179,Chr1,16707916,16708925,16708420,1009
179,Chr1,20020022,20020311,20020166,289
179,Chr2,6778351,6778527,6778439,176
179,Chr2,12293246,12294066,12293656,820
179,Chr3,8876464,8878314,8877389,1850
179,Chr3,10047717,10048158,10047937,441
179,Chr5,15471232,15471301,15471266,69
180,Chr1,2613270,2613655,2613462,385
180,Chr1,8180557,8181523,8181040,966
180,Chr1,24876931,24877069,24877000,138
180,Chr2,9523800,9525938,9524869,2138
180,Chr2,17251808,17311215,17281512,59407
180,Chr3,17556913,17558484,17557699,1571
180,Chr4,1033903,1035218,1034561,1315
180,Chr4,5371250,5371418,5371334,168
180,Chr5,13880021,13880178,13880099,157
181,Chr1,10420287,10420621,10420454,334
181,Chr2,6544373,6544638,6544505,265
181,Chr3,11395583,11395728,11395655,145
181,Chr4,11734781,11735507,11735144,726
182,Chr1,11474185,11475408,11474797,1223
182,Chr1,11611663,11611886,11611775,223
182,Chr2,6090218,6090272,6090245,54
182,Chr3,1440156,1440308,1440232,152
182,Chr3,19853216,19853944,19853580,728
182,Chr4,11867679,11868703,11868191,1024
182,Chr4,17802729,17802898,17802813,169
183,Chr1,4296378,4296538,4296458,160
183,Chr1,7172709,7174610,7173659,1901
183,Chr1,8941678,8941903,8941790,225
183,Chr2,407520,407539,407530,19
183,Chr2,674936,675069,675002,133
183,Chr3,3046687,3047632,3047159,945
183,Chr3,15673993,15674759,15674376,766
183,Chr5,17654288,17654434,17654361,146
184,Chr1,1636129,1638242,1637185,2113
184,Chr1,22782428,22783568,22782998,1140
184,Chr2,1123201,1124107,1123654,906
184,Chr2,6035326,6035766,6035546,440
184,Chr2,12338968,12339408,12339188,440
184,Chr3,16081138,16081319,16081228,181
184,Chr4,17356798,17357787,17357292,989
184,Chr5,2630662,2630815,2630738,153
184,Chr5,26505939,26506415,26506177,476
185,Chr1,17061724,17061819,17061772,95
185,Chr1,28915921,28916365,28916143,444
185,Chr2,6761233,6761284,6761259,51
185,Chr3,497885,500016,498951,2131
185,Chr3,6439892,6440988,6440440,1096
185,Chr4,5233063,5233649,5233356,586
185,Chr4,11753969,11754429,11754199,460
185,Chr5,8912309,8912768,8912539,459
185,Chr5,14540899,14541393,14541146,494
185,Chr5,26625640,26626889,26626264,1249
186,Chr1,21442804,21443701,21443252,897
186,Chr1,26729922,26730021,26729972,99
186,Chr4,8908056,8908558,8908307,502
187,Chr1,11223660,11223888,11223774,228
187,Chr2,10350602,10350726,10350664,124
187,Chr3,8710898,8711068,8710983,170
188,Chr1,12974080,12974439,12974260,359
188,Chr1,24788356,24788480,24788418,124
188,Chr2,9511103,9511401,9511252,298
188,Chr3,8688078,8689343,8688710,1265
188,Chr5,26291554,26292136,26291845,582
188,Chr5,26807852,26807984,26807918,132
189,Chr1,7638527,7639278,7638903,751
189,Chr1,30220747,30221894,30221321,1147
189,Chr2,9908885,9908984,9908935,99
189,Chr3,469136,469557,469346,421
189,Chr3,16741780,16741818,16741799,38
189,Chr3,16755328,16755472,16755400,144
189,Chr5,542097,544105,543101,2008
189,Chr5,8049326,8049910,8049618,584
189,Chr5,21298409,21298738,21298573,329
190,Chr1,12549135,12549235,12549185,100
190,Chr2,1689177,1689193,1689185,16
190,Chr2,13801325,13802154,13801739,829
190,Chr2,15495246,15496039,15495642,793
190,Chr3,9904097,9904514,9904305,417
190,Chr3,17401475,17401779,17401627,304
190,Chr3,19986782,19987515,19987148,733
190,Chr4,11177239,11177285,11177262,46
190,Chr4,17689673,17690743,17690208,1070
190,Chr5,15328599,15328688,15328643,89
190,Chr5,25652484,25652586,25652535,102
191,Chr1,19519888,19520241,19520064,353
191,Chr2,187990,189081,188536,1091
191,Chr2,1022377,1023113,1022745,736
191,Chr2,11908238,11908419,11908328,181
191,Chr3,10875442,10876286,10875864,844
191,Chr3,23350233,23351530,23350881,1297
191,Chr5,13487195,13487255,13487225,60
191,Chr5,25794984,25795583,25795284,599
192,Chr1,9198319,9199132,9198725,813
192,Chr2,16160490,16161128,16160809,638
192,Chr3,5135037,5142262,5138649,7225
192,Chr3,9168089,9168628,9168359,539
192,Chr3,15971441,15971671,15971556,230
192,Chr4,84910,85019,84964,109
193,Chr1,24498100,24498240,24498170,140
193,Chr2,10905722,10906049,10905886,327
193,Chr2,16758307,16758925,16758616,618
193,Chr3,10386701,10386806,10386753,105
193,Chr4,87255,88852,88053,1597
193,Chr4,9253609,9253753,9253681,144
193,Chr5,7752439,7752565,7752502,126
193,Chr5,10038172,10038332,10038252,160
193,Chr5,18294786,18294842,18294814,56
194,Chr1,7782210,7782331,7782270,121
194,Chr1,19689774,19690184,19689979,410
194,Chr2,11548207,11548255,11548231,48
194,Chr3,1943625,1945714,1944669,2089
194,Chr3,22425734,22427183,22426458,1449
194,Chr5,16569086,16569470,16569278,384
195,Chr1,17183805,17184876,17184341,1071
195,Chr1,24646762,24647068,24646915,306
195,Chr2,18368547,18369011,18368779,464
195,Chr3,733797,734844,734321,1047
195,Chr3,10456669,10457174,10456921,505
195,Chr3,19510689,19511113,19510901,424
195,Chr4,5386905,5386999,5386952,94
195,Chr4,17738957,17739728,17739343,771
195,Chr5,364125,364651,364388,526
195,Chr5,15759844,15759946,15759895,102
196,Chr1,17893651,17894339,17893995,688
196,Chr2,179750,179823,179786,73
196,Chr2,11777516,11777616,11777566,100
196,Chr3,734844,735358,735101,514
196,Chr3,11805979,11806376,11806177,397
196,Chr5,4571158,4571938,4571548,780
196,Chr5,9717038,9717917,9717478,879
197,Chr1,2817741,2818949,2818345,1208
197,Chr1,8199854,8200339,8200096,485
197,Chr1,17209784,17209796,17209790,12
197,Chr2,2349259,2349405,2349332,146
197,Chr2,14199880,14200926,14200403,1046
197,Chr3,11273854,11274867,11274360,1013
197,Chr5,9987837,9988118,9987977,281
197,Chr5,13659200,13659234,13659217,34
198,Chr3,2903098,2903131,2903114,33
198,Chr3,7579250,7579946,7579598,696
198,Chr3,16598787,16599738,16599263,951
198,Chr4,7247349,7247605,7247477,256
198,Chr4,17471258,17471914,17471586,656
198,Chr5,5228587,5229066,5228827,479
199,Chr1,27970848,27971578,27971213,730
199,Chr2,15190819,15192193,15191506,1374
199,Chr3,9215529,9216876,9216203,1347
199,Chr3,20072455,20073157,20072806,702
199,Chr4,10060637,10064532,10062585,3895
199,Chr5,5135096,5137145,5136120,2049
199,Chr5,16034222,16034746,16034484,524
200,Chr1,624717,625021,624869,304
200,Chr1,23460129,23461440,23460785,1311
200,Chr2,13985817,13987422,13986619,1605
200,Chr3,9510887,9511167,9511027,280
200,Chr3,9583233,9583315,9583274,82
200,Chr3,19606632,19606801,19606716,169
200,Chr4,7597666,7599328,7598497,1662
200,Chr4,8855202,8855718,8855460,516
200,Chr5,6981844,6982037,6981940,193
201,Chr1,7672839,7674749,7673794,1910
201,Chr1,10550298,10550950,10550624,652
201,Chr1,22926559,22926579,22926569,20
201,Chr2,8577194,8578164,8577679,970
201,Chr2,15031314,15032935,15032124,1621
201,Chr3,16034701,16035050,16034875,349
201,Chr4,5299784,5299895,5299840,111
201,Chr4,10715858,10716357,10716108,499
201,Chr5,21305440,21305507,21305474,67
202,Chr1,13258184,13258230,13258207,46
202,Chr1,29498689,29498971,29498830,282
202,Chr3,1923274,1923571,1923422,297
202,Chr3,16953563,16954032,16953797,469
202,Chr4,17260240,17261086,17260663,846
202,Chr5,8850257,8855729,8852993,5472
202,Chr5,24099069,24099674,24099371,605
203,Chr1,20009215,20009678,20009447,463
203,Chr1,28385496,28385902,28385699,406
203,Chr3,1350879,1351119,1350999,240
203,Chr4,6255880,6256049,6255964,169
203,Chr5,10065951,10066042,10065997,91
204,Chr1,12038080,12038845,12038462,765
204,Chr2,6801071,6801370,6801221,299
204,Chr2,12108896,12124196,12116546,15300
204,Chr3,16188732,16188893,16188812,161
205,Chr1,19689040,19689774,19689407,734
205,Chr2,3022777,3022903,3022840,126
205,Chr3,10824495,10824678,10824587,183
205,Chr4,6614870,6616103,6615486,1233
205,Chr4,13667612,13668062,13667837,450
205,Chr5,14224612,14225486,14225049,874
205,Chr5,21374129,21374492,21374311,363
206,Chr1,11349415,11349494,11349455,79
206,Chr2,7222881,7222883,7222882,2
206,Chr3,9403661,9403749,9403705,88
206,Chr3,10880449,10880944,10880697,495
206,Chr5,15314972,15315054,15315013,82
206,Chr5,25843548,25843784,25843666,236
207,Chr1,7382441,7383357,7382899,916
207,Chr1,9199132,9204841,9201986,5709
207,Chr2,17881666,17887845,17884756,6179
207,Chr3,18889807,18889916,18889861,109
207,Chr4,216421,216538,216479,117
207,Chr5,1793122,1794213,1793668,1091
208,Chr3,9497141,9497880,9497511,739
208,Chr4,7377845,7378861,7378353,1016
208,Chr5,13880739,13880890,13880815,151
208,Chr5,26614414,26614675,26614544,261
209,Chr1,17291041,17292338,17291689,1297
209,Chr2,18415401,18416168,18415785,767
209,Chr3,11310913,11310968,11310941,55
209,Chr3,14811695,14812520,14812107,825
209,Chr4,11350128,11350133,11350130,5
209,Chr5,13284578,13284722,13284650,144
210,Chr1,7781734,7782210,7781972,476
210,Chr3,9510539,9510863,9510701,324
210,Chr3,17254846,17258036,17256441,3190
210,Chr4,10808817,10809464,10809141,647
211,Chr1,18912214,18913201,18912708,987
211,Chr1,28415902,28416013,28415958,111
211,Chr2,7284846,7285844,7285345,998
211,Chr2,9565477,9566674,9566075,1197
211,Chr3,7932884,7933177,7933030,293
211,Chr3,18070553,18070648,18070601,95
211,Chr5,5437006,5437808,5437407,802
211,Chr5,20630806,20630854,20630830,48
212,Chr1,24225385,24225762,24225573,377
212,Chr1,26051477,26051601,26051539,124
212,Chr2,7368537,7368829,7368683,292
212,Chr2,9236896,9237050,9236973,154
212,Chr2,18598515,18598856,18598685,341
212,Chr3,7631483,7631723,7631603,240
212,Chr4,1045635,1045752,1045693,117
212,Chr4,12996614,12996919,12996766,305
212,Chr5,1950465,1950801,1950633,336
212,Chr5,15756401,15756900,15756651,499
213,Chr1,4117805,4117961,4117883,156
213,Chr1,7154346,7157751,7156048,3405
213,Chr1,29445441,29445507,29445474,66
213,Chr1,30269554,30270428,30269991,874
213,Chr2,14258346,14258355,14258350,9
213,Chr4,1447005,1447200,1447103,195
213,Chr5,5009848,5010089,5009968,241
213,Chr5,16663275,16665406,16664341,2131
213,Chr5,18484721,18485697,18485209,976
214,Chr1,11211568,11211664,11211616,96
214,Chr1,26705145,26705185,26705165,40
214,Chr1,27302776,27303998,27303387,1222
214,Chr2,6777769,6778266,6778017,497
214,Chr3,8866812,8871215,8869014,4403
214,Chr4,1529163,1529792,1529477,629
214,Chr5,8796203,8797215,8796709,1012
215,Chr1,12608529,12609060,12608795,531
215,Chr3,979096,979508,979302,412
215,Chr4,6228870,6228939,6228904,69
215,Chr5,8031659,8032290,8031975,631
216,Chr2,14636337,14638666,14637501,2329
216,Chr2,16159875,16160490,16160183,615
217,Chr1,8225687,8225799,8225743,112
217,Chr1,16265633,16266209,16265921,576
217,Chr1,28921564,28922256,28921910,692
217,Chr2,334781,335140,334961,359
217,Chr2,6948869,6949037,6948953,168
217,Chr2,15933713,15940160,15936937,6447
217,Chr3,10360668,10360816,10360742,148
217,Chr5,2444535,2445031,2444783,496
217,Chr5,21868070,21868801,21868436,731
218,Chr1,12689105,12689440,12689273,335
218,Chr1,25973506,25973512,25973509,6
218,Chr3,9984358,9985049,9984704,691
218,Chr4,11529329,11529549,11529439,220
218,Chr4,14408326,14408797,14408562,471
218,Chr5,6443354,6445091,6444222,1737
218,Chr5,24955692,24955723,24955708,31
219,Chr1,8548974,8549074,8549024,100
219,Chr1,17856825,17857859,17857342,1034
219,Chr3,2771918,2772605,2772262,687
219,Chr3,9010138,9010421,9010280,283
219,Chr5,14894979,14895279,14895129,300
220,Chr1,23411381,23412778,23412079,1397
220,Chr2,277329,277351,277340,22
220,Chr2,7807723,7807889,7807806,166
220,Chr2,9969883,9971328,9970605,1445
220,Chr3,11839141,11839239,11839190,98
220,Chr5,10149458,10149673,10149566,215
220,Chr5,25802059,25803186,25802623,1127
221,Chr2,14587641,14587968,14587805,327
221,Chr3,12666294,12667008,12666651,714
221,Chr4,5727717,5729491,5728604,1774
221,Chr4,11668256,11668829,11668542,573
221,Chr4,15707178,15707281,15707230,103
221,Chr5,19287775,19288671,19288223,896
221,Chr5,22415572,22416164,22415868,592
222,Chr1,2380139,2380853,2380496,714
222,Chr1,8919881,8920494,8920187,613
222,Chr1,22745677,22746133,22745905,456
222,Chr3,321598,322771,322184,1173
222,Chr3,17175743,17176147,17175945,404
222,Chr4,73796,73968,73882,172
222,Chr5,13880565,13880739,13880652,174
222,Chr5,25908539,25909119,25908829,580
223,Chr1,16705466,16705799,16705632,333
223,Chr3,7647898,7648092,7647995,194
223,Chr4,5566940,5567344,5567142,404
223,Chr4,11653006,11653286,11653146,280
223,Chr5,15466962,15467140,15467051,178
224,Chr1,7200772,7201252,7201012,480
224,Chr2,4939908,4940476,4940192,568
224,Chr2,6534941,6535456,6535199,515
224,Chr3,7990291,7990989,7990640,698
224,Chr3,17201617,17201945,17201781,328
224,Chr3,20592402,20592677,20592540,275
224,Chr4,8352084,8353130,8352607,1046
224,Chr4,9744268,9745120,9744694,852
224,Chr5,1343884,1344131,1344008,247
225,Chr2,6354892,6355532,6355212,640
225,Chr2,14051579,14051762,14051671,183
225,Chr3,1177533,1177790,1177661,257
225,Chr3,4377061,4377450,4377255,389
225,Chr3,17550449,17551986,17551217,1537
225,Chr4,5848175,5849120,5848647,945
225,Chr4,17782455,17785282,17783869,2827
225,Chr5,13879924,13880021,13879972,97
225,Chr5,15421114,15421321,15421218,207
226,Chr1,3890049,3890315,3890182,266
226,Chr1,7481472,7481951,7481712,479
226,Chr1,29384847,29384987,29384917,140
226,Chr2,1026400,1026485,1026442,85
226,Chr2,6916796,6917861,6917328,1065
226,Chr3,15971441,15971671,15971556,230
226,Chr3,16890436,16891214,16890825,778
226,Chr4,6257385,6258844,6258115,1459
226,Chr5,4906894,4907488,4907191,594
226,Chr5,7932446,7933094,7932770,648
226,Chr5,16512267,16512407,16512337,140
227,Chr1,16801351,16801365,16801358,14
227,Chr2,351126,351372,351249,246
227,Chr2,9987868,9988726,9988297,858
227,Chr3,20033130,20033176,20033153,46
227,Chr4,5365607,5365831,5365719,224
227,Chr4,16918514,16918607,16918560,93
227,Chr5,2325078,2325505,2325292,427
227,Chr5,17840009,17840636,17840323,627
227,Chr5,26885612,26886524,26886068,912
228,Chr1,4894949,4895565,4895257,616
228,Chr2,324932,326070,325501,1138
228,Chr3,6331036,6332188,6331612,1152
228,Chr4,727364,727476,727420,112
228,Chr4,5831628,5834924,5833276,3296
228,Chr5,26221560,26222001,26221780,441
229,Chr1,9179774,9180073,9179924,299
229,Chr1,17702530,17702669,17702600,139
229,Chr2,7666858,7667617,7667238,759
229,Chr3,9136695,9136776,9136735,81
229,Chr3,11811507,11812031,11811769,524
229,Chr4,5423854,5424464,5424159,610
229,Chr4,11764527,11765010,11764769,483
229,Chr5,8382825,8383412,8383119,587
229,Chr5,17634874,17635462,17635168,588
230,Chr1,8535425,8537070,8536247,1645
230,Chr1,29501283,29501745,29501514,462
230,Chr2,6023891,6024050,6023971,159
230,Chr2,9540969,9541253,9541111,284
230,Chr3,11738945,11739115,11739030,170
230,Chr3,15867848,15867962,15867905,114
230,Chr4,5143230,5143324,5143277,94
230,Chr4,6078009,6078161,6078085,152
230,Chr5,15229807,15231006,15230407,1199
231,Chr2,6467123,6467289,6467206,166
231,Chr2,16291240,16292215,16291728,975
231,Chr3,607850,608294,608072,444
231,Chr4,9443711,9444423,9444067,712
231,Chr4,17352525,17353680,17353103,1155
231,Chr5,14733403,14733988,14733695,585
232,Chr1,8718271,8719120,8718695,849
232,Chr1,16657727,16657879,16657803,152
232,Chr3,9484586,9485439,9485012,853
232,Chr3,9843072,9843371,9843222,299
232,Chr4,6747019,6747407,6747213,388
232,Chr4,17555468,17555509,17555488,41
232,Chr5,8659332,8659780,8659556,448
232,Chr5,16644193,16644427,16644310,234
233,Chr1,3578910,3580185,3579548,1275
233,Chr1,16137863,16138078,16137971,215
233,Chr1,23863264,23865339,23864302,2075
233,Chr2,5003869,5005611,5004740,1742
233,Chr3,7224746,7225490,7225118,744
233,Chr3,10419436,10419623,10419530,187
233,Chr4,9391970,9392400,9392185,430
233,Chr5,20442610,20443608,20443109,998
234,Chr1,16737235,16737379,16737307,144
234,Chr2,826879,827159,827019,280
234,Chr2,9562697,9563116,9562907,419
234,Chr3,4778878,4779485,4779182,607
234,Chr4,16930267,16930916,16930591,649
234,Chr5,20052165,20053529,20052847,1364
234,Chr5,20841237,20841312,20841275,75
234,Chr5,22129686,22137615,22133650,7929
235,Chr1,9016463,9017153,9016808,690
235,Chr1,24538166,24538388,24538277,222
235,Chr1,28860968,28861293,28861130,325
235,Chr2,1106691,1107733,1107212,1042
235,Chr2,6688048,6688548,6688298,500
235,Chr2,13951025,13951459,13951242,434
235,Chr3,7598267,7598759,7598513,492
235,Chr3,15081971,15082065,15082018,94
235,Chr4,9309859,9310284,9310071,425
235,Chr4,16563229,16563366,16563297,137
235,Chr4,17992357,17995857,17994107,3500
235,Chr5,5710856,5711678,5711267,822
235,Chr5,8879196,8882198,8880697,3002
235,Chr5,21579558,21579614,21579586,56
235,Chr5,26757201,26757636,26757419,435
236,Chr1,21685305,21686048,21685677,743
236,Chr1,23802525,23803153,23802839,628
236,Chr2,350665,351126,350895,461
236,Chr2,13141824,13144213,13143018,2389
236,Chr3,5372592,5373622,5373107,1030
236,Chr4,5365454,5365591,5365522,137
236,Chr4,6448762,6448805,6448784,43
236,Chr4,17629291,17629338,17629315,47
236,Chr5,1770444,1770823,1770634,379
236,Chr5,7229366,7229441,7229404,75
237,Chr1,559506,560551,560028,1045
237,Chr1,9458448,9458722,9458585,274
237,Chr1,25274320,25275454,25274887,1134
237,Chr2,10169625,10170007,10169816,382
237,Chr3,8236471,8237061,8236766,590
237,Chr4,5739140,5739244,5739192,104
237,Chr4,6207485,6209747,6208616,2262
237,Chr5,2120472,2120533,2120502,61
237,Chr5,26350212,26350402,26350307,190
238,Chr1,21519119,21519591,21519355,472
238,Chr2,7252496,7252882,7252689,386
238,Chr4,4868023,4869001,4868512,978
239,Chr1,3949439,4010265,3979852,60826
239,Chr1,25030074,25031220,25030647,1146
239,Chr3,9719306,9719521,9719414,215
239,Chr3,11148147,11148876,11148511,729
239,Chr5,7967682,7967914,7967798,232
240,Chr2,9372067,9373865,9372966,1798
240,Chr2,15587615,15588556,15588085,941
240,Chr3,20406439,20406781,20406610,342
240,Chr4,9182776,9189269,9186022,6493
240,Chr5,22376802,22376947,22376874,145
