lib,chrs,start,stop,cos,width
1,Chr1,22887244,22887583,22887414,339
1,Chr2,6034151,6034289,6034220,138
1,Chr2,7065969,7066044,7066007,75
1,Chr3,10808334,10808673,10808504,339
1,Chr4,658722,659462,659092,740
1,Chr4,8386992,8387166,8387079,174
1,Chr4,11152911,11153584,11153247,673
1,Chr5,3479940,3480114,3480027,174
1,Chr5,19453585,19453943,19453764,358
2,Chr1,3887855,3888360,3888107,505
2,Chr1,16658509,16659164,16658837,655
2,Chr2,2258715,2259018,2258867,303
2,Chr4,178452,179114,178783,662
4,Chr1,10891261,10891549,10891405,288
4,Chr1,12421398,12422113,12421756,715
4,Chr1,22774402,22775464,22774933,1062
4,Chr2,6167554,6167617,6167586,63
4,Chr2,17250013,17250893,17250453,880
4,Chr2,18472262,18473450,18472856,1188
4,Chr4,10224450,10224659,10224554,209
4,Chr5,7637477,7638147,7637812,670
4,Chr5,14224612,14225486,14225049,874
4,Chr5,20672299,20672310,20672305,11
5,Chr1,4217855,4218808,4218331,953
5,Chr1,11982689,11988392,11985541,5703
5,Chr1,27952853,27954501,27953677,1648
5,Chr3,18757211,18757270,18757241,59
5,Chr4,6352472,6352554,6352513,82
5,Chr4,8454812,8454977,8454894,165
5,Chr5,3526182,3526620,3526401,438
5,Chr5,24635917,24636214,24636065,297
6,Chr1,8958719,8958998,8958859,279
6,Chr2,368556,368988,368772,432
6,Chr3,11806376,11807089,11806732,713
6,Chr4,401659,402127,401893,468
6,Chr4,17488368,17499224,17493796,10856
6,Chr5,15487154,15487889,15487522,735
6,Chr5,20748374,20752809,20750592,4435
7,Chr1,3745853,3746177,3746015,324
7,Chr1,17495135,17495816,17495475,681
7,Chr1,19415458,19418410,19416934,2952
7,Chr1,28397595,28397624,28397609,29
7,Chr2,1695603,1696398,1696001,795
7,Chr3,16616415,16616592,16616503,177
7,Chr4,7382079,7382252,7382165,173
7,Chr4,15384264,15384542,15384403,278
7,Chr4,17528470,17531934,17530202,3464
7,Chr5,24809470,24810412,24809941,942
8,Chr3,16145067,16145786,16145427,719
8,Chr4,14399940,14400260,14400100,320
9,Chr1,591180,591492,591336,312
9,Chr1,5289584,5293310,5291447,3726
9,Chr1,24646762,24647068,24646915,306
9,Chr1,26515431,26517661,26516546,2230
9,Chr2,11855191,11857425,11856308,2234
9,Chr3,2199839,2200754,2200297,915
9,Chr3,15681916,15682003,15681960,87
9,Chr3,20910344,20911722,20911033,1378
9,Chr4,17277014,17277998,17277506,984
9,Chr5,17241831,17241918,17241875,87
10,Chr1,11670152,11670205,11670178,53
10,Chr2,227811,228665,228238,854
10,Chr2,5832418,5832870,5832644,452
10,Chr3,15658120,15658622,15658371,502
10,Chr4,1304369,1304461,1304415,92
10,Chr4,12769558,12770274,12769916,716
10,Chr5,13560112,13560167,13560140,55
11,Chr1,23941534,23942499,23942016,965
11,Chr2,181285,184074,182679,2789
11,Chr3,7993232,7993925,7993578,693
11,Chr4,719346,719620,719483,274
11,Chr5,4692511,4695328,4693919,2817
11,Chr5,23087131,23088377,23087754,1246
12,Chr1,28208679,28209042,28208861,363
12,Chr2,354421,355286,354853,865
12,Chr2,13673564,13674110,13673837,546
12,Chr2,18446211,18446594,18446403,383
12,Chr3,2998476,2999226,2998851,750
12,Chr3,8929343,8929731,8929537,388
12,Chr3,9904097,9904514,9904305,417
12,Chr3,16849502,16850542,16850022,1040
12,Chr4,6359147,6359224,6359185,77
12,Chr4,7229323,7230116,7229719,793
12,Chr5,9357117,9357531,9357324,414
13,Chr1,17189256,17190126,17189691,870
13,Chr2,277581,277748,277665,167
13,Chr2,8340689,8340873,8340781,184
13,Chr3,10880436,10880944,10880690,508
13,Chr3,11242625,11243053,11242839,428
13,Chr4,621475,623123,622299,1648
13,Chr4,5240515,5241102,5240809,587
13,Chr5,7251318,7252476,7251897,1158
13,Chr5,13467755,13468227,13467991,472
14,Chr1,5054681,5070376,5062529,15695
14,Chr1,21417798,21417892,21417845,94
14,Chr2,507652,508044,507848,392
14,Chr4,179908,180064,179986,156
14,Chr5,1291,1886,1589,595
15,Chr1,10473247,10473414,10473331,167
15,Chr2,2229721,2230194,2229957,473
15,Chr2,6243165,6243687,6243426,522
15,Chr3,11137441,11137955,11137698,514
15,Chr3,11744818,11744888,11744853,70
15,Chr3,20298178,20300032,20299105,1854
15,Chr5,10484925,10485195,10485060,270
16,Chr1,23015565,23016409,23015987,844
16,Chr2,11884731,11886496,11885613,1765
16,Chr3,10777544,10777581,10777562,37
16,Chr4,6751039,6751247,6751143,208
16,Chr4,18171571,18171974,18171773,403
16,Chr5,7177704,7177856,7177780,152
16,Chr5,19133460,19133556,19133508,96
17,Chr1,25025631,25025940,25025785,309
17,Chr2,1598931,1599008,1598969,77
17,Chr2,6226150,6226552,6226351,402
17,Chr2,17494615,17495094,17494855,479
17,Chr3,11297045,11297083,11297064,38
18,Chr2,10551178,10551290,10551234,112
18,Chr3,11155371,11155971,11155671,600
18,Chr3,15776289,15776585,15776437,296
18,Chr4,5743887,5744017,5743952,130
18,Chr4,14781609,14783886,14782747,2277
19,Chr1,6492874,6493044,6492959,170
19,Chr1,8195358,8196167,8195762,809
19,Chr1,19459621,19467813,19463717,8192
19,Chr2,102250,102920,102585,670
19,Chr2,19173386,19174177,19173782,791
19,Chr3,16663739,16663801,16663770,62
19,Chr4,465959,466064,466011,105
19,Chr5,1609465,1610302,1609883,837
19,Chr5,13700048,13700341,13700194,293
20,Chr1,10957533,10957620,10957577,87
20,Chr1,13117380,13117521,13117450,141
20,Chr3,1127692,1128457,1128074,765
20,Chr3,22790819,22791165,22790992,346
20,Chr4,7808014,7808232,7808123,218
20,Chr5,8112752,8113122,8112937,370
20,Chr5,19533670,19533789,19533730,119
21,Chr3,1174416,1174871,1174644,455
21,Chr3,11802588,11802744,11802666,156
21,Chr3,15752182,15752419,15752300,237
21,Chr4,661693,661855,661774,162
21,Chr4,7635896,7636255,7636076,359
21,Chr5,14882198,14882747,14882472,549
22,Chr1,6641514,6642102,6641808,588
22,Chr1,8393960,8394423,8394192,463
22,Chr2,479089,479388,479239,299
22,Chr2,3060062,3060163,3060112,101
22,Chr2,4308122,4308162,4308142,40
22,Chr3,11094540,11096347,11095444,1807
22,Chr4,7065409,7065838,7065623,429
22,Chr4,9131315,9131524,9131419,209
23,Chr2,6456287,6456721,6456504,434
23,Chr3,12362468,12362617,12362542,149
23,Chr3,15751506,15751536,15751521,30
24,Chr1,1922238,1930733,1926486,8495
24,Chr1,2630076,2630806,2630441,730
24,Chr1,13070651,13071106,13070879,455
24,Chr4,5371642,5371695,5371668,53
24,Chr4,7646133,7646630,7646381,497
24,Chr5,15381963,15382749,15382356,786
25,Chr1,13143974,13144032,13144003,58
25,Chr2,681345,681485,681415,140
25,Chr2,9921834,9921858,9921846,24
25,Chr3,10681458,10682165,10681812,707
25,Chr4,10097904,10098032,10097968,128
25,Chr5,15970006,15970886,15970446,880
26,Chr1,13453334,13454946,13454140,1612
26,Chr1,17232764,17235790,17234277,3026
26,Chr2,9769623,9769761,9769692,138
26,Chr3,9347717,9347744,9347731,27
26,Chr3,9682590,9682750,9682670,160
26,Chr4,5142973,5143324,5143149,351
26,Chr5,7268977,7269165,7269071,188
26,Chr5,14715105,14715221,14715163,116
26,Chr5,18531424,18531442,18531433,18
27,Chr1,19909960,19910200,19910080,240
27,Chr2,339503,339648,339575,145
27,Chr3,3060331,3061251,3060791,920
27,Chr3,18576295,18576751,18576523,456
27,Chr3,20378045,20378085,20378065,40
27,Chr5,1762804,1764876,1763840,2072
28,Chr1,11196627,11196719,11196673,92
28,Chr2,6212355,6212391,6212373,36
28,Chr2,8105171,8140037,8122604,34866
28,Chr3,9761448,9761587,9761518,139
28,Chr3,10881987,10882681,10882334,694
28,Chr4,404455,405794,405125,1339
29,Chr1,11475408,11475424,11475416,16
29,Chr1,26035028,26035583,26035306,555
29,Chr2,6345574,6345798,6345686,224
29,Chr2,13266985,13267127,13267056,142
29,Chr3,9835667,9836293,9835980,626
29,Chr3,15369058,15370161,15369610,1103
29,Chr4,5169314,5169834,5169574,520
29,Chr4,17753937,17754959,17754448,1022
29,Chr5,6639183,6639354,6639269,171
29,Chr5,6832502,6832539,6832520,37
29,Chr5,10300913,10301025,10300969,112
29,Chr5,22562587,22571233,22566910,8646
29,Chr5,26210733,26210933,26210833,200
30,Chr1,11189029,11190615,11189822,1586
30,Chr1,29308227,29308356,29308291,129
30,Chr3,16566264,16566529,16566396,265
30,Chr4,1245071,1245087,1245079,16
30,Chr4,6181966,6182225,6182096,259
30,Chr5,23042659,23042882,23042771,223
31,Chr1,16483634,16483719,16483676,85
31,Chr1,19255566,19256259,19255912,693
31,Chr3,17099809,17100047,17099928,238
31,Chr4,720418,721033,720726,615
31,Chr4,12211626,12212056,12211841,430
31,Chr5,14719361,14720271,14719816,910
32,Chr1,7921420,7923672,7922546,2252
32,Chr2,6512263,6513093,6512678,830
32,Chr3,2929759,2930606,2930183,847
32,Chr3,11211995,11212816,11212405,821
32,Chr4,5370187,5370295,5370241,108
32,Chr4,8395724,8396655,8396190,931
32,Chr5,3455342,3455786,3455564,444
32,Chr5,5025433,5026140,5025787,707
32,Chr5,21386243,21386538,21386391,295
33,Chr1,12295589,12295649,12295619,60
33,Chr1,19894788,19894935,19894862,147
33,Chr2,493537,493650,493593,113
33,Chr2,9322577,9322638,9322607,61
33,Chr3,9464414,9465004,9464709,590
33,Chr3,10590698,10590765,10590732,67
33,Chr5,10614811,10614893,10614852,82
33,Chr5,21627363,21628457,21627910,1094
34,Chr1,13145892,13146722,13146307,830
34,Chr2,16031140,16031827,16031484,687
34,Chr3,6902939,6903032,6902985,93
34,Chr3,18830000,18830314,18830157,314
34,Chr4,5425097,5425596,5425347,499
34,Chr4,9028246,9028626,9028436,380
34,Chr5,8768366,8768516,8768441,150
34,Chr5,10860258,10860398,10860328,140
34,Chr5,22506537,22506975,22506756,438
35,Chr1,571284,571420,571352,136
35,Chr1,16808147,16808326,16808237,179
35,Chr4,13905207,13908827,13907017,3620
35,Chr5,15796320,15796393,15796356,73
36,Chr2,6148521,6164142,6156331,15621
36,Chr2,10299028,10299805,10299416,777
36,Chr3,267170,267722,267446,552
36,Chr3,11289200,11289881,11289540,681
36,Chr3,12452789,12452913,12452851,124
36,Chr3,17125978,17126027,17126002,49
36,Chr4,11643684,11645076,11644380,1392
36,Chr4,15487754,15488037,15487896,283
36,Chr5,14225486,14226353,14225920,867
37,Chr1,6545654,6545939,6545796,285
37,Chr1,17062820,17063255,17063038,435
37,Chr1,27753535,27754275,27753905,740
37,Chr2,101579,102250,101915,671
37,Chr2,2269145,2269335,2269240,190
37,Chr2,8105171,8140037,8122604,34866
37,Chr4,73796,73968,73882,172
37,Chr4,6215637,6215819,6215728,182
37,Chr4,16197520,16198064,16197792,544
37,Chr5,1608221,1608608,1608415,387
37,Chr5,24510184,24510298,24510241,114
38,Chr1,10043777,10043996,10043887,219
38,Chr1,10547814,10548658,10548236,844
38,Chr2,4946866,4946890,4946878,24
38,Chr3,11139185,11139376,11139281,191
38,Chr4,5651177,5660121,5655649,8944
38,Chr4,7764682,7765140,7764911,458
38,Chr5,10134558,10134612,10134585,54
39,Chr1,11281671,11281768,11281719,97
39,Chr1,15927552,15928265,15927908,713
39,Chr2,15589759,15590220,15589989,461
39,Chr3,19578436,19579205,19578820,769
39,Chr4,849751,850385,850068,634
39,Chr4,5369154,5370187,5369670,1033
40,Chr3,11510092,11510145,11510118,53
40,Chr3,20841770,20842478,20842124,708
40,Chr5,9518242,9518692,9518467,450
40,Chr5,10277556,10277565,10277560,9
41,Chr1,1495110,1495888,1495499,778
41,Chr1,20402904,20403574,20403239,670
41,Chr2,6361805,6361884,6361845,79
41,Chr3,20758800,20759209,20759004,409
41,Chr5,1762191,1762321,1762256,130
41,Chr5,16935210,16935517,16935364,307
42,Chr1,16774027,16774346,16774187,319
42,Chr2,14118320,14119372,14118846,1052
42,Chr3,8285372,8286460,8285916,1088
42,Chr3,16893949,16893961,16893955,12
42,Chr3,18249086,18249153,18249120,67
43,Chr1,4870313,4871395,4870854,1082
43,Chr1,24515094,24516237,24515666,1143
43,Chr2,1862055,1867137,1864596,5082
43,Chr4,280085,280112,280099,27
43,Chr4,5386999,5387112,5387055,113
43,Chr4,17808838,17814773,17811806,5935
43,Chr5,3141097,3141165,3141131,68
43,Chr5,22359892,22360024,22359958,132
44,Chr1,2430194,2430984,2430589,790
44,Chr2,10144372,10144534,10144453,162
44,Chr3,10618557,10618770,10618663,213
44,Chr4,11732446,11732583,11732514,137
44,Chr5,9067537,9068197,9067867,660
45,Chr2,8133663,8140037,8136850,6374
45,Chr2,16071130,16071783,16071456,653
45,Chr4,566901,567074,566987,173
45,Chr4,5243476,5244091,5243784,615
45,Chr5,8217236,8217272,8217254,36
46,Chr1,10970101,10970386,10970243,285
46,Chr3,16920949,16921241,16921095,292
46,Chr4,753823,755676,754749,1853
46,Chr4,14504377,14505654,14505015,1277
46,Chr5,10690411,10690518,10690465,107
47,Chr1,12495476,12495781,12495628,305
47,Chr1,16132256,16132382,16132319,126
47,Chr1,19082076,19082135,19082106,59
47,Chr2,391724,393300,392512,1576
47,Chr2,12635190,12636194,12635692,1004
47,Chr4,5640254,5640520,5640387,266
47,Chr4,10763842,10764411,10764126,569
47,Chr5,10373696,10378246,10375971,4550
47,Chr5,13891576,13891936,13891756,360
47,Chr5,18689166,18689365,18689266,199
48,Chr1,13077492,13078838,13078165,1346
48,Chr1,16273662,16273723,16273692,61
48,Chr2,7712339,7712619,7712479,280
48,Chr2,16891586,16892336,16891961,750
48,Chr4,492691,493587,493139,896
48,Chr4,6995269,6995966,6995617,697
48,Chr5,284520,284679,284600,159
48,Chr5,14526261,14526623,14526442,362
49,Chr2,16608037,16608886,16608461,849
49,Chr3,4462850,4463119,4462984,269
49,Chr3,5424448,5425966,5425207,1518
49,Chr3,16464899,16466237,16465568,1338
49,Chr4,11178053,11178577,11178315,524
49,Chr5,26281635,26281700,26281667,65
50,Chr1,24800626,24801166,24800896,540
50,Chr2,13001827,13002429,13002128,602
50,Chr3,13484227,13484728,13484477,501
50,Chr4,71707,72008,71857,301
50,Chr4,6284028,6284765,6284396,737
50,Chr4,13062136,13062662,13062399,526
50,Chr5,10296719,10297103,10296911,384
51,Chr1,8302939,8303694,8303317,755
51,Chr1,11093853,11094815,11094334,962
51,Chr2,8780471,8780942,8780707,471
51,Chr2,11115293,11116004,11115649,711
51,Chr3,9682590,9682750,9682670,160
51,Chr3,21995730,21995943,21995836,213
51,Chr5,9209369,9209651,9209510,282
52,Chr1,17224184,17224660,17224422,476
52,Chr1,22856373,22856496,22856435,123
52,Chr2,11381692,11381984,11381838,292
52,Chr4,5158372,5158830,5158601,458
52,Chr4,6794205,6794524,6794365,319
52,Chr5,7219913,7220170,7220041,257
52,Chr5,15104230,15104257,15104244,27
52,Chr5,26349649,26350108,26349879,459
53,Chr1,3296696,3296840,3296768,144
53,Chr1,16150583,16150719,16150651,136
53,Chr2,15961789,15962280,15962035,491
53,Chr3,21746413,21746506,21746459,93
53,Chr4,1436547,1437284,1436915,737
53,Chr4,5457236,5457384,5457310,148
53,Chr5,3747612,3747895,3747754,283
53,Chr5,18763504,18764123,18763814,619
54,Chr1,12229485,12230882,12230183,1397
54,Chr2,641522,641757,641640,235
54,Chr2,5508127,5508268,5508197,141
54,Chr3,16725387,16730110,16727749,4723
54,Chr4,6256117,6256448,6256283,331
55,Chr1,17286412,17287121,17286766,709
55,Chr1,29384987,29385112,29385049,125
55,Chr3,11310968,11311194,11311081,226
55,Chr5,782582,783375,782978,793
55,Chr5,19004040,19004253,19004146,213
56,Chr1,16139508,16139616,16139562,108
56,Chr1,16580678,16581496,16581087,818
56,Chr2,6710907,6711644,6711275,737
56,Chr2,18589678,18591645,18590662,1967
56,Chr3,16558883,16558902,16558893,19
56,Chr4,50404,56895,53650,6491
56,Chr4,7190777,7191572,7191175,795
56,Chr4,17471258,17471914,17471586,656
56,Chr5,18730825,18730852,18730839,27
57,Chr1,15904381,15904610,15904495,229
57,Chr1,16637257,16638120,16637689,863
57,Chr2,336996,338707,337852,1711
57,Chr3,10950491,10950544,10950517,53
57,Chr3,15092780,15093083,15092932,303
57,Chr5,4813760,4815209,4814484,1449
58,Chr1,10145799,10146139,10145969,340
58,Chr2,2242322,2243035,2242678,713
58,Chr3,18790159,18797009,18793584,6850
58,Chr4,5379648,5380541,5380094,893
58,Chr4,17599850,17601372,17600611,1522
58,Chr5,7003091,7004999,7004045,1908
58,Chr5,15621230,15621643,15621436,413
59,Chr1,29444308,29444662,29444485,354
59,Chr2,4523770,4523887,4523828,117
59,Chr3,8561434,8561796,8561615,362
59,Chr3,20692002,20692845,20692424,843
59,Chr4,1399374,1399779,1399576,405
59,Chr4,16895202,16895571,16895386,369
59,Chr4,17534508,17534549,17534528,41
59,Chr5,26117940,26118315,26118128,375
60,Chr1,16132479,16132662,16132571,183
60,Chr1,22891428,22896445,22893936,5017
60,Chr2,10097140,10100005,10098572,2865
60,Chr4,5738920,5739124,5739022,204
60,Chr5,621592,621710,621651,118
60,Chr5,16653962,16654084,16654023,122
61,Chr1,6928974,6930712,6929843,1738
61,Chr1,12236208,12238365,12237286,2157
61,Chr1,17817311,17818396,17817853,1085
61,Chr2,6294298,6299094,6296696,4796
61,Chr3,9581375,9581830,9581603,455
61,Chr3,22857946,22858230,22858088,284
61,Chr4,5366200,5366209,5366204,9
61,Chr4,6064823,6064938,6064881,115
61,Chr5,26215039,26215675,26215357,636
62,Chr1,28352200,28353855,28353028,1655
62,Chr2,6023982,6024050,6024016,68
62,Chr3,15991816,15992714,15992265,898
62,Chr3,17945561,17946476,17946019,915
62,Chr4,7569459,7570039,7569749,580
62,Chr4,14829682,14831689,14830686,2007
62,Chr5,749158,749606,749382,448
62,Chr5,15726474,15726515,15726494,41
63,Chr1,12064760,12064845,12064802,85
63,Chr1,20021942,20022128,20022035,186
63,Chr2,1869677,1869925,1869801,248
63,Chr2,15420065,15421052,15420559,987
63,Chr3,947345,949727,948536,2382
63,Chr3,8485838,8486002,8485920,164
63,Chr3,16994266,16995352,16994809,1086
63,Chr4,411023,412126,411575,1103
63,Chr4,17820088,17820380,17820234,292
63,Chr5,8712630,8717479,8715054,4849
63,Chr5,9471138,9471752,9471445,614
64,Chr2,1541990,1542263,1542126,273
64,Chr2,8092421,8092960,8092691,539
64,Chr2,18478160,18480167,18479164,2007
64,Chr3,1315263,1315717,1315490,454
64,Chr3,10506244,10506263,10506254,19
64,Chr3,11278568,11279050,11278809,482
64,Chr5,7473432,7473814,7473623,382
65,Chr1,9696311,9697283,9696797,972
65,Chr1,10620148,10621738,10620943,1590
65,Chr1,26612845,26616062,26614453,3217
65,Chr1,29217598,29217780,29217689,182
65,Chr2,7494599,7494877,7494738,278
65,Chr3,18840695,18841588,18841141,893
65,Chr5,8992438,8993152,8992795,714
65,Chr5,14709459,14709626,14709543,167
65,Chr5,25822112,25823545,25822828,1433
66,Chr1,12971670,12971762,12971716,92
66,Chr1,17475569,17476012,17475791,443
66,Chr2,1920020,1920106,1920063,86
66,Chr3,6743959,6745394,6744677,1435
66,Chr3,17083242,17083304,17083273,62
66,Chr4,7490675,7490774,7490725,99
66,Chr5,14224612,14225486,14225049,874
66,Chr5,18380787,18380879,18380833,92
67,Chr1,2439590,2441778,2440684,2188
67,Chr1,7826260,7826668,7826464,408
67,Chr1,26962388,26963189,26962788,801
67,Chr1,29445929,29446065,29445997,136
67,Chr3,4805019,4805225,4805122,206
67,Chr4,9028246,9028626,9028436,380
67,Chr5,17076644,17076770,17076707,126
67,Chr5,18689881,18690249,18690065,368
68,Chr1,22172785,22172956,22172871,171
68,Chr2,2269145,2269335,2269240,190
68,Chr2,17723840,17725175,17724508,1335
68,Chr2,18473881,18477600,18475741,3719
68,Chr3,16832108,16832259,16832184,151
68,Chr4,10939102,10939622,10939362,520
68,Chr5,7722637,7723045,7722841,408
69,Chr1,9100836,9101090,9100963,254
69,Chr1,30340906,30341174,30341040,268
69,Chr2,9838028,9838390,9838209,362
69,Chr3,4043275,4044810,4044043,1535
69,Chr3,18464168,18464572,18464370,404
69,Chr4,4806261,4806357,4806309,96
69,Chr4,5716167,5723568,5719867,7401
69,Chr5,15249032,15249580,15249306,548
70,Chr1,11973179,11974001,11973590,822
70,Chr1,23248391,23250137,23249264,1746
70,Chr2,9523800,9525938,9524869,2138
70,Chr3,6268533,6268794,6268663,261
70,Chr3,10909316,10909775,10909546,459
70,Chr4,10429421,10429535,10429478,114
70,Chr5,9472214,9472352,9472283,138
71,Chr1,13642425,13654427,13648426,12002
71,Chr1,16308380,16308569,16308474,189
71,Chr3,8077198,8077787,8077492,589
71,Chr5,10646637,10646812,10646725,175
71,Chr5,23938008,23938434,23938221,426
72,Chr1,11122643,11122710,11122677,67
72,Chr1,16473766,16474232,16473999,466
72,Chr1,27452388,27454324,27453356,1936
72,Chr2,180140,180481,180310,341
72,Chr2,7181905,7182052,7181979,147
72,Chr3,8110544,8110698,8110621,154
72,Chr4,658667,658722,658695,55
72,Chr4,13510364,13512245,13511304,1881
72,Chr4,15699229,15699306,15699267,77
72,Chr5,13713377,13715137,13714257,1760
72,Chr5,18985916,18987791,18986854,1875
73,Chr1,5164324,5165442,5164883,1118
73,Chr1,16897300,16897570,16897435,270
73,Chr1,25583934,25593882,25588908,9948
73,Chr2,1639584,1639955,1639770,371
73,Chr2,2348583,2348713,2348648,130
73,Chr2,16706103,16709531,16707817,3428
73,Chr3,17081222,17081242,17081232,20
73,Chr4,10883409,10883697,10883553,288
73,Chr4,13673196,13673351,13673274,155
73,Chr5,9866801,9866872,9866837,71
74,Chr1,12915559,12916215,12915887,656
74,Chr1,21605482,21605630,21605556,148
74,Chr1,25881538,25882070,25881804,532
74,Chr2,9976934,9977107,9977020,173
74,Chr3,8036380,8036853,8036616,473
74,Chr3,10401634,10401713,10401674,79
74,Chr3,11137441,11137955,11137698,514
74,Chr4,1243080,1243466,1243273,386
74,Chr4,5150095,5150380,5150237,285
74,Chr5,15840316,15840880,15840598,564
74,Chr5,16963434,16963791,16963612,357
75,Chr1,16441309,16441526,16441417,217
75,Chr2,233250,233918,233584,668
75,Chr2,14481178,14481724,14481451,546
75,Chr3,17101148,17102442,17101795,1294
75,Chr3,21104237,21104562,21104399,325
75,Chr4,130310,130947,130628,637
75,Chr4,914426,914459,914442,33
75,Chr4,10740377,10740710,10740543,333
75,Chr5,17204810,17204843,17204826,33
75,Chr5,19465649,19467009,19466329,1360
76,Chr2,11096359,11096868,11096613,509
76,Chr2,18707596,18707995,18707796,399
76,Chr3,15794898,15795261,15795080,363
76,Chr4,6836105,6837468,6836787,1363
76,Chr4,10894287,10895865,10895076,1578
76,Chr5,8511625,8511971,8511798,346
76,Chr5,13469219,13469501,13469360,282
77,Chr1,16638322,16641291,16639806,2969
77,Chr2,1861252,1862055,1861654,803
77,Chr2,6949037,6949229,6949133,192
77,Chr2,15617817,15619144,15618481,1327
77,Chr3,15972758,15973526,15973142,768
77,Chr4,10649039,10649216,10649127,177
77,Chr4,16506438,16507379,16506908,941
77,Chr5,572318,572518,572418,200
77,Chr5,17549755,17552100,17550927,2345
78,Chr1,9240129,9240814,9240471,685
78,Chr2,4523887,4525145,4524516,1258
78,Chr2,18269068,18270379,18269724,1311
78,Chr3,11101678,11102126,11101902,448
78,Chr3,11296794,11297045,11296920,251
78,Chr5,6348585,6348647,6348616,62
78,Chr5,15487889,15488255,15488072,366
78,Chr5,20748374,20752809,20750592,4435
79,Chr1,9955619,9955661,9955640,42
79,Chr1,12495134,12495476,12495305,342
79,Chr2,6947986,6948404,6948195,418
79,Chr3,17389646,17389719,17389682,73
79,Chr4,11881383,11882624,11882003,1241
79,Chr5,612956,613022,612989,66
79,Chr5,14226353,14226709,14226531,356
79,Chr5,15632129,15632615,15632372,486
80,Chr1,24394523,24395205,24394864,682
80,Chr2,9873790,9874034,9873912,244
80,Chr2,19009776,19010630,19010203,854
80,Chr3,7910922,7911825,7911374,903
80,Chr3,11918950,11919071,11919010,121
80,Chr3,23282659,23283406,23283033,747
80,Chr4,7190777,7190881,7190829,104
80,Chr4,17874586,17874903,17874744,317
80,Chr5,2008142,2008880,2008511,738
80,Chr5,9870701,9871249,9870975,548
81,Chr1,2321858,2324135,2322996,2277
81,Chr1,27173461,27173722,27173591,261
81,Chr2,6898705,6899350,6899027,645
81,Chr2,16554412,16554442,16554427,30
81,Chr4,5300356,5300575,5300466,219
81,Chr5,2191851,2193243,2192547,1392
81,Chr5,22353625,22354813,22354219,1188
82,Chr2,9676301,9676423,9676362,122
82,Chr3,8124296,8125246,8124771,950
82,Chr3,16820056,16820681,16820368,625
82,Chr5,22884261,22884679,22884470,418
83,Chr1,16738147,16738479,16738313,332
83,Chr2,9516312,9518183,9517248,1871
83,Chr3,10804927,10805291,10805109,364
83,Chr4,641363,642221,641792,858
83,Chr4,10948566,10948761,10948664,195
83,Chr5,19754,23126,21440,3372
83,Chr5,13558848,13559244,13559046,396
83,Chr5,22661746,22661937,22661842,191
84,Chr1,16152247,16153099,16152673,852
84,Chr1,18760015,18760286,18760151,271
84,Chr2,642449,642617,642533,168
84,Chr2,5937573,5938305,5937939,732
84,Chr2,12636194,12637338,12636766,1144
84,Chr3,10111440,10111540,10111490,100
84,Chr3,10650433,10650612,10650523,179
84,Chr5,15490052,15490100,15490076,48
85,Chr1,13454946,13456051,13455498,1105
85,Chr1,24807452,24808190,24807821,738
85,Chr3,10094950,10095157,10095054,207
85,Chr4,6209572,6209747,6209660,175
85,Chr4,11602800,11602911,11602856,111
85,Chr5,286921,290125,288523,3204
85,Chr5,9076436,9076686,9076561,250
85,Chr5,10496149,10496513,10496331,364
85,Chr5,23829238,23830079,23829658,841
86,Chr2,9563936,9564281,9564108,345
86,Chr4,12216535,12218486,12217511,1951
86,Chr5,10652457,10652778,10652617,321
86,Chr5,20220890,20222078,20221484,1188
87,Chr1,7763014,7765037,7764026,2023
87,Chr1,13142745,13143966,13143355,1221
87,Chr3,16570506,16570673,16570590,167
87,Chr3,23297931,23298358,23298145,427
87,Chr4,6237839,6239947,6238893,2108
87,Chr5,14302332,14302404,14302368,72
87,Chr5,21428828,21428967,21428898,139
88,Chr1,3408173,3440720,3424447,32547
88,Chr1,8727869,8727958,8727913,89
88,Chr2,16492401,16494468,16493435,2067
88,Chr3,9605952,9605969,9605960,17
88,Chr3,19497880,19497925,19497902,45
88,Chr5,21126754,21127924,21127339,1170
89,Chr1,15981593,15981615,15981604,22
89,Chr1,29646369,29648061,29647215,1692
89,Chr2,1275028,1275470,1275249,442
89,Chr2,18494403,18495032,18494717,629
89,Chr3,3057122,3058677,3057900,1555
89,Chr3,12662840,12667008,12664924,4168
89,Chr3,15973550,15974366,15973958,816
89,Chr4,6430790,6432688,6431739,1898
89,Chr5,2078797,2079204,2079001,407
89,Chr5,7524260,7525118,7524689,858
90,Chr1,11819706,11821919,11820812,2213
90,Chr1,18918968,18919175,18919072,207
90,Chr1,23871714,23872056,23871885,342
90,Chr2,18343831,18343884,18343857,53
90,Chr3,2040731,2042383,2041557,1652
90,Chr3,16458498,16458732,16458615,234
90,Chr4,11441782,11442054,11441918,272
90,Chr4,12696335,12697546,12696941,1211
90,Chr4,17722439,17725229,17723834,2790
90,Chr5,2131178,2131463,2131320,285
91,Chr1,5663936,5664090,5664013,154
91,Chr3,22740079,22740342,22740211,263
91,Chr4,119280,119731,119506,451
91,Chr5,9716705,9716901,9716803,196
91,Chr5,14968173,14968862,14968517,689
91,Chr5,25973880,25974625,25974252,745
92,Chr1,12956588,12956594,12956591,6
92,Chr1,24406570,24406742,24406656,172
92,Chr3,11005269,11008782,11007025,3513
92,Chr5,16616120,16616295,16616208,175
92,Chr5,21854424,21855957,21855190,1533
93,Chr1,29696143,29696199,29696171,56
93,Chr4,11916414,11916736,11916575,322
93,Chr5,6419054,6419325,6419190,271
93,Chr5,9517427,9518089,9517758,662
93,Chr5,13362110,13364535,13363322,2425
93,Chr5,20520174,20520473,20520324,299
94,Chr1,4061495,4061524,4061509,29
94,Chr2,7319171,7319252,7319211,81
94,Chr2,9089778,9092297,9091038,2519
95,Chr1,4119877,4120080,4119979,203
95,Chr1,20730847,20731825,20731336,978
95,Chr3,10423052,10423290,10423171,238
95,Chr3,11139681,11140395,11140038,714
95,Chr5,10150212,10150627,10150420,415
96,Chr1,5359572,5359735,5359654,163
96,Chr1,8343254,8343969,8343612,715
96,Chr1,23105002,23105288,23105145,286
96,Chr1,24390869,24391273,24391071,404
96,Chr2,115089,115565,115327,476
96,Chr2,12225387,12226000,12225693,613
96,Chr3,7983559,7984965,7984262,1406
96,Chr4,514518,514629,514574,111
96,Chr4,1242127,1242795,1242461,668
97,Chr1,9350534,9351144,9350839,610
97,Chr1,11015100,11016012,11015556,912
97,Chr1,21185686,21186008,21185847,322
97,Chr2,6540310,6540570,6540440,260
97,Chr2,15381014,15381373,15381194,359
97,Chr3,10985735,10986092,10985913,357
97,Chr3,16373294,16373579,16373436,285
97,Chr5,3785212,3786617,3785914,1405
97,Chr5,8696985,8697269,8697127,284
98,Chr1,7936852,7937537,7937194,685
98,Chr1,16874181,16874585,16874383,404
98,Chr1,19442005,19442124,19442065,119
98,Chr2,288295,289251,288773,956
98,Chr2,7863760,7863934,7863847,174
98,Chr2,15367496,15367996,15367746,500
98,Chr5,19516080,19516474,19516277,394
99,Chr1,12941405,12942069,12941737,664
99,Chr1,25770070,25770401,25770236,331
99,Chr2,6809663,6810212,6809937,549
99,Chr2,18741072,18741472,18741272,400
99,Chr3,11049391,11049506,11049449,115
99,Chr4,6336819,6336983,6336901,164
100,Chr2,6632532,6633422,6632977,890
100,Chr3,6686250,6686904,6686577,654
100,Chr3,7473827,7474052,7473939,225
100,Chr4,4801016,4801055,4801036,39
100,Chr5,9336948,9337915,9337432,967
100,Chr5,14976912,14976983,14976948,71
101,Chr1,7321907,7322312,7322109,405
101,Chr1,11473848,11474185,11474016,337
101,Chr1,24315719,24316871,24316295,1152
101,Chr3,22790592,22790775,22790684,183
101,Chr5,2191851,2193243,2192547,1392
101,Chr5,26366757,26367407,26367082,650
102,Chr1,9454815,9456960,9455887,2145
102,Chr2,2313696,2313714,2313705,18
102,Chr5,2861682,2864625,2863154,2943
102,Chr5,7841706,7841934,7841820,228
102,Chr5,15706859,15707346,15707103,487
103,Chr1,4594647,4595087,4594867,440
103,Chr1,16886744,16887374,16887059,630
103,Chr1,29219791,29220087,29219939,296
103,Chr2,1926865,1927123,1926994,258
103,Chr2,12365761,12365916,12365839,155
103,Chr3,10048158,10048368,10048263,210
103,Chr4,155806,156431,156118,625
103,Chr4,7849133,7849163,7849148,30
103,Chr5,2120533,2120755,2120644,222
103,Chr5,15379893,15380113,15380003,220
104,Chr1,7854983,7855070,7855027,87
104,Chr1,23247953,23248391,23248172,438
104,Chr2,2162369,2177365,2169867,14996
104,Chr2,8986369,8986784,8986577,415
104,Chr2,18536106,18536921,18536514,815
104,Chr3,9478013,9478350,9478181,337
104,Chr3,22367461,22368240,22367851,779
104,Chr5,530555,531664,531109,1109
104,Chr5,20696224,20696554,20696389,330
105,Chr1,17383822,17384390,17384106,568
105,Chr2,12430150,12430521,12430336,371
105,Chr2,12775267,12775373,12775320,106
105,Chr3,10754650,10755363,10755006,713
105,Chr4,44100,46842,45471,2742
105,Chr5,1463841,1463958,1463899,117
105,Chr5,18343724,18344347,18344036,623
107,Chr1,174087,174329,174208,242
107,Chr2,2272809,2272941,2272875,132
107,Chr4,5662634,5672132,5667383,9498
107,Chr5,14315124,14316600,14315862,1476
108,Chr1,624529,624717,624623,188
108,Chr1,17209784,17209796,17209790,12
108,Chr1,21166556,21172168,21169362,5612
108,Chr2,759087,760387,759737,1300
108,Chr3,10706631,10706702,10706667,71
108,Chr4,850385,851262,850823,877
108,Chr5,980282,980549,980416,267
108,Chr5,14894197,14894211,14894204,14
109,Chr1,13141717,13142460,13142089,743
109,Chr1,16131462,16131481,16131472,19
109,Chr1,27996219,27996713,27996466,494
109,Chr2,1561522,1563204,1562363,1682
109,Chr3,12369407,12369566,12369487,159
109,Chr4,7450098,7450594,7450346,496
110,Chr1,7690180,7691220,7690700,1040
110,Chr2,7207406,7208096,7207751,690
110,Chr4,1391164,1391271,1391218,107
110,Chr4,5377218,5378499,5377858,1281
110,Chr5,9409977,9410501,9410239,524
111,Chr1,17856618,17856825,17856722,207
111,Chr2,1870568,1870700,1870634,132
111,Chr2,9938419,9940087,9939253,1668
111,Chr4,157456,157543,157500,87
111,Chr5,14635687,14636823,14636255,1136
111,Chr5,17128421,17128474,17128447,53
112,Chr1,12281255,12281302,12281279,47
112,Chr1,25949618,25950125,25949872,507
112,Chr2,6843314,6843439,6843376,125
112,Chr3,16894975,16895061,16895018,86
112,Chr4,7333254,7333277,7333266,23
112,Chr4,11550698,11550901,11550800,203
113,Chr1,8310061,8311771,8310916,1710
113,Chr1,16577873,16581496,16579685,3623
113,Chr1,22990711,22990798,22990755,87
113,Chr3,307158,307876,307517,718
113,Chr3,18667332,18668323,18667828,991
113,Chr3,19067418,19067727,19067572,309
113,Chr4,8770478,8770850,8770664,372
113,Chr5,17098952,17099846,17099399,894
113,Chr5,21655322,21655494,21655408,172
113,Chr5,26809016,26809304,26809160,288
114,Chr1,12217683,12218077,12217880,394
114,Chr1,12480729,12481302,12481015,573
114,Chr1,23049993,23050158,23050075,165
114,Chr2,9614678,9616693,9615686,2015
114,Chr2,16582545,16582796,16582671,251
114,Chr3,11466322,11466603,11466462,281
114,Chr4,185994,186173,186084,179
114,Chr4,10214012,10214182,10214097,170
114,Chr5,16440529,16440663,16440596,134
114,Chr5,23733637,23733820,23733729,183
115,Chr1,16873975,16874585,16874280,610
115,Chr3,11214401,11215116,11214759,715
115,Chr3,15607960,15615561,15611760,7601
115,Chr4,436140,437986,437063,1846
115,Chr4,11940373,11942205,11941289,1832
115,Chr5,7367489,7368492,7367991,1003
116,Chr1,9467898,9472228,9470063,4330
116,Chr1,10957851,10957985,10957918,134
116,Chr1,11471553,11472010,11471781,457
116,Chr2,12248673,12248820,12248747,147
116,Chr4,6832879,6833320,6833099,441
116,Chr4,9443516,9443566,9443541,50
116,Chr5,14728789,14730237,14729513,1448
116,Chr5,15216275,15217127,15216701,852
117,Chr1,20020311,20020787,20020549,476
117,Chr2,6286465,6288955,6287710,2490
117,Chr2,6382404,6382537,6382470,133
117,Chr4,6044029,6044279,6044154,250
117,Chr5,8706711,8708437,8707574,1726
117,Chr5,26328573,26328722,26328647,149
118,Chr1,8150947,8152505,8151726,1558
118,Chr1,16128552,16128615,16128584,63
118,Chr2,14897586,14899664,14898625,2078
118,Chr3,596292,596565,596428,273
118,Chr3,9465004,9465254,9465129,250
118,Chr4,76516,76984,76750,468
118,Chr5,8112752,8113122,8112937,370
118,Chr5,9847945,9848001,9847973,56
119,Chr1,8310061,8311771,8310916,1710
119,Chr4,1520728,1520992,1520860,264
119,Chr4,16895715,16897192,16896453,1477
119,Chr5,15215063,15216275,15215669,1212
120,Chr1,18341246,18341483,18341364,237
120,Chr1,22519685,22519735,22519710,50
120,Chr2,1183550,1183741,1183646,191
120,Chr3,19199438,19199811,19199624,373
120,Chr4,6217323,6217578,6217451,255
120,Chr4,10161110,10162487,10161798,1377
120,Chr5,3784284,3784704,3784494,420
120,Chr5,26236016,26236558,26236287,542
121,Chr1,3443575,3445192,3444383,1617
121,Chr1,17915333,17916654,17915993,1321
121,Chr2,664731,664785,664758,54
121,Chr2,6393222,6393391,6393306,169
121,Chr3,8931142,8931245,8931194,103
121,Chr3,15931521,15931655,15931588,134
121,Chr4,5835200,5835480,5835340,280
121,Chr4,16294941,16295149,16295045,208
121,Chr5,17752189,17752570,17752379,381
122,Chr1,13077492,13078838,13078165,1346
122,Chr2,838140,839328,838734,1188
122,Chr3,7934882,7934953,7934918,71
122,Chr3,10075214,10075343,10075278,129
122,Chr3,19412245,19413370,19412807,1125
122,Chr3,22160501,22160813,22160657,312
122,Chr4,6901633,6901670,6901651,37
122,Chr4,9404271,9404400,9404335,129
122,Chr5,576184,576458,576321,274
122,Chr5,16136430,16137478,16136954,1048
122,Chr5,17215735,17216172,17215953,437
123,Chr3,18374423,18374731,18374577,308
123,Chr4,7348695,7349163,7348929,468
123,Chr5,16825333,16825435,16825384,102
123,Chr5,18635541,18635745,18635643,204
123,Chr5,19908195,19910208,19909201,2013
124,Chr1,3083285,3083566,3083425,281
124,Chr3,10336470,10336923,10336696,453
124,Chr4,661693,661855,661774,162
124,Chr4,8051498,8051802,8051650,304
124,Chr5,9005286,9005572,9005429,286
124,Chr5,16317055,16317210,16317133,155
125,Chr1,21659107,21659834,21659471,727
125,Chr2,243314,243408,243361,94
125,Chr2,1926717,1926794,1926755,77
125,Chr3,9341964,9342740,9342352,776
125,Chr3,11217906,11220246,11219076,2340
125,Chr4,799264,799356,799310,92
125,Chr4,7450832,7452999,7451916,2167
125,Chr5,993402,993971,993686,569
125,Chr5,24414356,24414514,24414435,158
126,Chr1,8985127,8985456,8985291,329
126,Chr1,10076174,10077595,10076884,1421
126,Chr1,23770442,23770757,23770600,315
126,Chr2,429326,431023,430174,1697
126,Chr2,6959560,6959586,6959573,26
126,Chr2,7701485,7701778,7701631,293
126,Chr3,14939609,14939925,14939767,316
126,Chr3,19999872,20000240,20000056,368
126,Chr4,9119074,9119264,9119169,190
126,Chr5,18575177,18576957,18576067,1780
127,Chr1,549671,560551,555111,10880
127,Chr1,16268409,16268499,16268454,90
127,Chr1,17226690,17227398,17227044,708
127,Chr2,11756084,11756441,11756262,357
127,Chr3,5645637,5646444,5646041,807
127,Chr3,18808624,18808966,18808795,342
127,Chr4,6076766,6077004,6076885,238
127,Chr4,11744487,11744538,11744513,51
127,Chr4,14366826,14370952,14368889,4126
127,Chr5,5875172,5875455,5875314,283
127,Chr5,20899003,20900354,20899679,1351
128,Chr1,12968111,12968208,12968159,97
128,Chr1,28420268,28420404,28420336,136
128,Chr2,6512842,6513093,6512968,251
128,Chr4,6334056,6334352,6334204,296
128,Chr5,17793687,17793889,17793788,202
128,Chr5,17872184,17872433,17872308,249
129,Chr1,28504651,28511467,28508059,6816
129,Chr2,11728791,11728955,11728873,164
129,Chr3,9218925,9218981,9218953,56
129,Chr3,15678417,15678499,15678458,82
129,Chr4,17365000,17365718,17365359,718
129,Chr5,25981848,25982134,25981991,286
130,Chr1,24488971,24489377,24489174,406
130,Chr1,25661233,25661356,25661295,123
130,Chr2,99910,99936,99923,26
130,Chr3,5498274,5499565,5498920,1291
130,Chr4,9031906,9032144,9032025,238
130,Chr5,5834259,5835491,5834875,1232
131,Chr1,7038294,7040667,7039480,2373
131,Chr1,12260047,12260270,12260159,223
131,Chr1,24766721,24767033,24766877,312
131,Chr2,2219039,2219051,2219045,12
131,Chr4,9887951,9888774,9888363,823
131,Chr5,8031415,8031659,8031537,244
132,Chr1,7402738,7402887,7402812,149
132,Chr1,23924121,23924236,23924179,115
132,Chr2,19231231,19233086,19232159,1855
132,Chr3,18395316,18395832,18395574,516
132,Chr5,13593724,13594599,13594162,875
132,Chr5,14542278,14542372,14542325,94
133,Chr1,13255192,13255773,13255482,581
133,Chr1,22001957,22002168,22002063,211
133,Chr2,6848824,6849101,6848962,277
133,Chr3,11122634,11127819,11125226,5185
133,Chr3,15952831,15952906,15952869,75
133,Chr5,10134092,10134612,10134352,520
134,Chr1,4859205,4863468,4861337,4263
134,Chr1,7742066,7742360,7742213,294
134,Chr1,19572450,19572884,19572667,434
134,Chr2,2292141,2292277,2292209,136
134,Chr2,6670859,6677503,6674181,6644
134,Chr3,8554208,8555008,8554608,800
134,Chr3,12362468,12362617,12362542,149
134,Chr5,11961288,11961471,11961380,183
135,Chr1,17275252,17275578,17275415,326
135,Chr2,6300427,6300914,6300671,487
135,Chr2,8282067,8292448,8287257,10381
135,Chr3,10647687,10648380,10648033,693
135,Chr5,13468227,13468575,13468401,348
135,Chr5,15902007,15902361,15902184,354
137,Chr1,7980804,7981080,7980942,276
137,Chr1,16774867,16775123,16774995,256
137,Chr2,5922188,5922247,5922218,59
137,Chr3,10950822,10951558,10951190,736
137,Chr3,17450987,17461980,17456483,10993
137,Chr5,1001486,1002253,1001870,767
137,Chr5,14727142,14727549,14727346,407
137,Chr5,26743381,26743704,26743543,323
138,Chr2,6034289,6034638,6034463,349
138,Chr2,12601311,12601768,12601539,457
138,Chr4,6937590,6937997,6937794,407
138,Chr5,17937565,17937942,17937753,377
139,Chr1,13317234,13317588,13317411,354
139,Chr1,26280606,26280899,26280752,293
139,Chr3,3503863,3503864,3503863,1
139,Chr4,12220541,12222546,12221543,2005
140,Chr1,9227501,9228035,9227768,534
140,Chr2,565212,565610,565411,398
140,Chr3,5182864,5203184,5193024,20320
140,Chr3,18367482,18367936,18367709,454
140,Chr3,20547849,20547913,20547881,64
140,Chr4,154545,154732,154639,187
140,Chr4,7529894,7530505,7530200,611
140,Chr5,309751,309788,309769,37
140,Chr5,20354664,20355451,20355058,787
140,Chr5,23928551,23928772,23928661,221
141,Chr1,26816262,26817243,26816752,981
141,Chr2,739036,739060,739048,24
141,Chr4,6878125,6878223,6878174,98
141,Chr4,6997594,6997664,6997629,70
141,Chr4,7681810,7683600,7682705,1790
141,Chr5,1931055,1932094,1931575,1039
141,Chr5,16385625,16387206,16386415,1581
141,Chr5,17532742,17533016,17532879,274
142,Chr1,17857859,17858787,17858323,928
142,Chr2,1426884,1427027,1426956,143
142,Chr2,7639502,7639669,7639586,167
142,Chr3,10534440,10534922,10534681,482
142,Chr3,16564173,16564228,16564201,55
143,Chr1,17167700,17167881,17167790,181
143,Chr2,7072664,7072930,7072797,266
143,Chr3,16615976,16616415,16616196,439
143,Chr4,9129645,9130866,9130255,1221
143,Chr4,17393517,17394277,17393897,760
143,Chr5,9913257,9913364,9913311,107
144,Chr1,10950427,10950447,10950437,20
144,Chr2,10206396,10206542,10206469,146
144,Chr3,1317108,1317517,1317312,409
144,Chr3,21231477,21231987,21231732,510
144,Chr4,17288535,17288649,17288592,114
144,Chr5,8557401,8559368,8558385,1967
144,Chr5,9110847,9111188,9111017,341
144,Chr5,25437443,25437589,25437516,146
145,Chr1,549671,560551,555111,10880
145,Chr1,7968108,7968362,7968235,254
145,Chr1,8028161,8029855,8029008,1694
145,Chr1,23394816,23395160,23394988,344
145,Chr2,2022111,2022602,2022357,491
145,Chr2,9841163,9842035,9841599,872
145,Chr3,18599868,18607976,18603922,8108
145,Chr3,22995827,22998971,22997399,3144
145,Chr4,7596185,7597470,7596827,1285
145,Chr5,10529904,10530096,10530000,192
145,Chr5,13879132,13879228,13879180,96
145,Chr5,26044736,26044846,26044791,110
146,Chr1,22732238,22738383,22735310,6145
146,Chr2,5678340,5678960,5678650,620
146,Chr3,11161769,11163448,11162609,1679
146,Chr4,6569541,6569894,6569717,353
146,Chr5,17025282,17025313,17025298,31
147,Chr1,11621810,11622188,11621999,378
147,Chr2,6347419,6348712,6348065,1293
147,Chr2,7184797,7185853,7185325,1056
147,Chr3,10838525,10839158,10838841,633
147,Chr4,12522116,12522207,12522162,91
147,Chr5,14884924,14885724,14885324,800
147,Chr5,19661298,19661348,19661323,50
148,Chr1,16641540,16641851,16641696,311
148,Chr1,17065396,17065920,17065658,524
148,Chr2,6700152,6700432,6700292,280
148,Chr3,10883839,10885627,10884733,1788
148,Chr4,575535,576110,575823,575
148,Chr5,15913718,15914598,15914158,880
149,Chr1,16430542,16430791,16430666,249
149,Chr2,6804750,6805055,6804902,305
149,Chr3,9807458,9807854,9807656,396
149,Chr3,11813552,11813594,11813573,42
149,Chr4,9344062,9346225,9345144,2163
149,Chr4,14902289,14902535,14902412,246
149,Chr5,8910826,8910900,8910863,74
149,Chr5,15193664,15193695,15193680,31
150,Chr1,10146795,10146947,10146871,152
150,Chr1,26683938,26684487,26684212,549
150,Chr1,30205318,30207742,30206530,2424
150,Chr2,2113902,2114785,2114344,883
150,Chr2,9570129,9572595,9571362,2466
150,Chr3,8226695,8227358,8227027,663
150,Chr3,11745009,11745471,11745240,462
150,Chr3,16721531,16721625,16721578,94
150,Chr4,6937197,6937590,6937393,393
150,Chr4,12573224,12575116,12574170,1892
150,Chr5,660851,661052,660951,201
150,Chr5,22228400,22229196,22228798,796
150,Chr5,23393059,23393212,23393135,153
151,Chr1,7783199,7783521,7783360,322
151,Chr1,22939827,22940028,22939927,201
151,Chr2,1497977,1498044,1498011,67
151,Chr2,12279753,12280280,12280017,527
151,Chr3,9209778,9210593,9210186,815
151,Chr3,10960126,10960705,10960416,579
151,Chr4,736727,737253,736990,526
151,Chr4,6289040,6289627,6289334,587
151,Chr5,1742494,1750107,1746300,7613
151,Chr5,9807134,9807211,9807172,77
151,Chr5,24468460,24468737,24468598,277
152,Chr1,12256284,12256399,12256342,115
152,Chr1,22174984,22175268,22175126,284
152,Chr2,393300,393565,393432,265
152,Chr2,18396153,18396683,18396418,530
152,Chr3,1267793,1268962,1268377,1169
152,Chr3,11022416,11022913,11022664,497
152,Chr4,719673,720213,719943,540
152,Chr5,23605390,23605585,23605488,195
153,Chr1,7723248,7723697,7723472,449
153,Chr1,24459840,24461010,24460425,1170
153,Chr2,12198062,12201586,12199824,3524
153,Chr3,15668809,15669653,15669231,844
153,Chr5,326486,327108,326797,622
154,Chr1,11953643,11953853,11953748,210
154,Chr1,30153594,30154144,30153869,550
154,Chr3,7641866,7642310,7642088,444
154,Chr3,10855535,10856365,10855950,830
154,Chr5,14008240,14008457,14008348,217
155,Chr1,8393239,8393447,8393343,208
155,Chr1,22943476,22943645,22943560,169
155,Chr3,15178498,15178568,15178533,70
155,Chr4,141525,141761,141643,236
155,Chr4,305366,305713,305540,347
155,Chr5,9941427,9941447,9941437,20
155,Chr5,15217208,15217946,15217577,738
156,Chr1,16132256,16132382,16132319,126
156,Chr1,16919018,16919746,16919382,728
156,Chr2,2140610,2162369,2151490,21759
156,Chr3,18267495,18268291,18267893,796
156,Chr3,18919352,18919465,18919408,113
156,Chr4,1200878,1201026,1200952,148
156,Chr4,11914834,11915111,11914972,277
157,Chr4,10808817,10809464,10809141,647
157,Chr5,7482725,7482918,7482821,193
158,Chr1,9351144,9351371,9351258,227
158,Chr2,6677611,6686374,6681993,8763
158,Chr3,10503637,10503722,10503679,85
158,Chr4,5716167,5723568,5719867,7401
158,Chr5,9044516,9044787,9044652,271
159,Chr1,678747,678934,678841,187
159,Chr1,18030871,18031216,18031043,345
159,Chr2,9801493,9801728,9801611,235
159,Chr2,18649709,18650758,18650233,1049
159,Chr3,6671611,6672200,6671905,589
159,Chr4,6025903,6027169,6026536,1266
159,Chr4,17633509,17634772,17634141,1263
159,Chr5,8772778,8772993,8772886,215
159,Chr5,19216563,19216599,19216581,36
160,Chr1,12622272,12623115,12622694,843
160,Chr1,13321264,13322087,13321676,823
160,Chr2,18698394,18698713,18698554,319
160,Chr3,10739540,10742318,10740929,2778
160,Chr4,5710119,5710375,5710247,256
160,Chr5,15190371,15190448,15190409,77
161,Chr1,12433284,12434044,12433664,760
161,Chr2,2022892,2023149,2023020,257
161,Chr3,3420259,3420775,3420517,516
161,Chr3,10951558,10951884,10951721,326
161,Chr4,1179800,1179940,1179870,140
161,Chr5,6420271,6420376,6420323,105
161,Chr5,8739898,8740321,8740110,423
161,Chr5,19365466,19365639,19365552,173
161,Chr5,26870208,26870688,26870448,480
162,Chr1,12661317,12661605,12661461,288
162,Chr2,374126,375007,374566,881
162,Chr2,15870448,15870859,15870654,411
162,Chr2,16926404,16930503,16928454,4099
162,Chr3,11725018,11725238,11725128,220
162,Chr4,6025903,6027169,6026536,1266
162,Chr5,8846751,8848670,8847711,1919
162,Chr5,20564207,20630806,20597507,66599
163,Chr1,12516119,12516122,12516121,3
163,Chr1,28599734,28600721,28600228,987
163,Chr2,6802479,6802673,6802576,194
163,Chr4,5370948,5371219,5371084,271
163,Chr5,24274906,24275571,24275238,665
164,Chr1,11276767,11276975,11276871,208
164,Chr1,24252953,24253071,24253012,118
164,Chr1,29485540,29486081,29485810,541
164,Chr2,6354107,6354494,6354301,387
164,Chr2,15112094,15112941,15112518,847
164,Chr3,16411803,16411842,16411823,39
164,Chr4,15417970,15418825,15418398,855
164,Chr5,19179856,19180173,19180014,317
165,Chr1,3890857,3891139,3890998,282
165,Chr1,16921749,16922407,16922078,658
165,Chr2,506941,507152,507047,211
165,Chr2,7527258,7527495,7527376,237
165,Chr2,9920164,9920478,9920321,314
165,Chr4,6901597,6901670,6901633,73
165,Chr5,13655702,13655940,13655821,238
165,Chr5,25034105,25034199,25034152,94
166,Chr1,12940425,12940937,12940681,512
166,Chr1,17133674,17134362,17134018,688
166,Chr3,10232969,10233776,10233373,807
166,Chr4,661855,662108,661981,253
166,Chr5,327930,328312,328121,382
167,Chr1,7147761,7152505,7150133,4744
167,Chr1,7944496,7944545,7944520,49
167,Chr1,19565054,19565752,19565403,698
167,Chr2,19460557,19467282,19463919,6725
167,Chr3,10358453,10358741,10358597,288
167,Chr5,594325,594373,594349,48
167,Chr5,22689938,22690033,22689986,95
168,Chr1,176509,178456,177483,1947
168,Chr1,12451999,12455185,12453592,3186
168,Chr2,2023202,2023986,2023594,784
168,Chr2,15728728,15729865,15729296,1137
168,Chr4,6091502,6091956,6091729,454
168,Chr5,23980093,23980120,23980107,27
168,Chr5,26972403,26972753,26972578,350
169,Chr1,8549246,8549737,8549492,491
169,Chr1,16115282,16115746,16115514,464
169,Chr2,6519568,6520223,6519896,655
169,Chr3,11835057,11835327,11835192,270
169,Chr4,6267524,6268926,6268225,1402
169,Chr4,11799001,11799738,11799369,737
169,Chr5,2102158,2102281,2102220,123
169,Chr5,14010447,14010639,14010543,192
169,Chr5,14933616,14934021,14933818,405
170,Chr2,1136759,1136801,1136780,42
170,Chr4,5447789,5448146,5447967,357
170,Chr5,16622782,16622862,16622822,80
171,Chr1,4857771,4859205,4858488,1434
171,Chr1,16925803,16925911,16925857,108
171,Chr2,2890526,2890823,2890674,297
171,Chr2,18721996,18724754,18723375,2758
171,Chr4,2909414,2909737,2909576,323
171,Chr5,9318013,9318985,9318499,972
172,Chr3,11811148,11811507,11811328,359
172,Chr5,24387584,24387895,24387740,311
173,Chr1,771134,771525,771330,391
173,Chr1,14174359,14329820,14252089,155461
173,Chr1,25429474,25430619,25430046,1145
173,Chr2,345069,345088,345079,19
173,Chr2,16198465,16200123,16199294,1658
173,Chr3,5856622,5857250,5856936,628
173,Chr3,11385884,11385931,11385908,47
173,Chr4,5734101,5734505,5734303,404
173,Chr5,14239651,14240145,14239898,494
173,Chr5,21093297,21093306,21093301,9
174,Chr1,11440075,11440277,11440176,202
174,Chr2,756138,756193,756166,55
174,Chr3,21086940,21087135,21087038,195
174,Chr4,7416625,7417297,7416961,672
174,Chr5,15763083,15763371,15763227,288
175,Chr1,26137099,26137883,26137491,784
175,Chr4,5247294,5247922,5247608,628
175,Chr4,10970039,10970731,10970385,692
175,Chr5,10493969,10494191,10494080,222
175,Chr5,18073354,18073974,18073664,620
176,Chr1,4654541,4690603,4672572,36062
176,Chr1,29381787,29382536,29382161,749
176,Chr3,18366162,18366180,18366171,18
176,Chr4,158249,158556,158403,307
176,Chr4,1021552,1021755,1021654,203
176,Chr4,11879313,11879510,11879411,197
176,Chr4,17952600,17954424,17953512,1824
176,Chr5,7225700,7226239,7225970,539
176,Chr5,14301164,14301858,14301511,694
177,Chr2,12931927,12932982,12932455,1055
177,Chr3,16124619,16124781,16124700,162
177,Chr5,21413701,21414529,21414115,828
178,Chr1,16491809,16491823,16491816,14
178,Chr2,10047053,10047257,10047155,204
178,Chr4,9384712,9384771,9384742,59
178,Chr5,14918600,14919356,14918978,756
178,Chr5,22819566,22821719,22820642,2153
179,Chr1,7348067,7348743,7348405,676
179,Chr1,13118541,13118964,13118753,423
179,Chr1,26527183,26527412,26527297,229
179,Chr2,7058240,7058538,7058389,298
179,Chr3,4745323,4745522,4745423,199
179,Chr3,8688078,8689343,8688710,1265
179,Chr4,9447141,9447457,9447299,316
179,Chr5,23660925,23661391,23661158,466
180,Chr1,1545525,1545726,1545625,201
180,Chr1,17206785,17207060,17206923,275
180,Chr2,874011,874034,874023,23
180,Chr2,6324900,6325833,6325366,933
180,Chr2,15779739,15779894,15779817,155
180,Chr2,19582892,19583487,19583190,595
180,Chr3,17517204,17520838,17519021,3634
180,Chr3,19928426,19929401,19928914,975
180,Chr4,177047,177244,177145,197
180,Chr4,8882807,8883581,8883194,774
180,Chr5,13433528,13433850,13433689,322
180,Chr5,16283818,16284185,16284002,367
180,Chr5,24534724,24535056,24534890,332
181,Chr1,135853,136588,136221,735
181,Chr1,12615139,12615241,12615190,102
181,Chr1,23430129,23430316,23430223,187
181,Chr3,2826107,2826297,2826202,190
181,Chr3,6272917,6273108,6273013,191
181,Chr4,10715369,10715858,10715613,489
181,Chr4,16824511,16825777,16825144,1266
181,Chr5,22502315,22502618,22502467,303
182,Chr1,16644086,16644400,16644243,314
182,Chr4,322410,323341,322876,931
182,Chr4,720369,721033,720701,664
183,Chr1,8919881,8920494,8920187,613
183,Chr2,462521,463008,462765,487
183,Chr3,9008354,9009482,9008918,1128
183,Chr5,1606659,1606857,1606758,198
183,Chr5,18665970,18666555,18666262,585
184,Chr1,9972191,9972762,9972477,571
184,Chr1,20187590,20187656,20187623,66
184,Chr1,26539906,26539975,26539940,69
184,Chr2,505255,505763,505509,508
184,Chr2,19178104,19179687,19178896,1583
184,Chr3,17126162,17126201,17126182,39
184,Chr4,5296223,5296613,5296418,390
184,Chr4,9023719,9024362,9024041,643
184,Chr5,1095202,1095396,1095299,194
185,Chr1,8141793,8142655,8142224,862
185,Chr1,11818812,11819706,11819259,894
185,Chr1,28289613,28290098,28289855,485
185,Chr2,626651,627212,626931,561
185,Chr2,6542833,6543825,6543329,992
185,Chr3,3854392,3855126,3854759,734
185,Chr3,15178660,15178683,15178672,23
185,Chr3,17973298,17976391,17974844,3093
185,Chr5,9046830,9047635,9047232,805
185,Chr5,9197434,9198712,9198073,1278
186,Chr1,8313113,8316048,8314581,2935
186,Chr1,16132382,16132479,16132430,97
186,Chr2,427947,427961,427954,14
186,Chr2,2256804,2258623,2257714,1819
186,Chr2,12771139,12771680,12771409,541
186,Chr3,5316677,5316811,5316744,134
186,Chr3,8983006,8983579,8983292,573
186,Chr3,17520025,17520838,17520431,813
186,Chr3,21136710,21136806,21136758,96
186,Chr4,5152840,5153012,5152926,172
186,Chr5,8333495,8334099,8333797,604
186,Chr5,21302714,21302940,21302827,226
187,Chr1,9500553,9501125,9500839,572
187,Chr1,14329778,14329820,14329799,42
187,Chr2,5934464,5935892,5935178,1428
187,Chr3,6739822,6740345,6740084,523
187,Chr3,16615976,16616415,16616196,439
187,Chr5,10428989,10430190,10429589,1201
188,Chr1,16472407,16472503,16472455,96
188,Chr2,6849191,6849856,6849523,665
188,Chr3,11529355,11529905,11529630,550
188,Chr4,7283154,7283757,7283456,603
188,Chr5,9465077,9469794,9467435,4717
189,Chr1,11475604,11475673,11475638,69
189,Chr1,29747144,29747345,29747244,201
189,Chr2,1362686,1363031,1362858,345
189,Chr2,15153989,15154598,15154293,609
189,Chr3,16284716,16284990,16284853,274
189,Chr3,22947968,22948285,22948126,317
189,Chr4,1380030,1380512,1380271,482
189,Chr5,13937574,13937717,13937646,143
189,Chr5,21611277,21612533,21611905,1256
190,Chr1,11473848,11474185,11474016,337
190,Chr1,12163394,12164711,12164052,1317
190,Chr2,12823856,12823940,12823898,84
190,Chr2,16060633,16061502,16061067,869
190,Chr3,2577096,2577507,2577302,411
190,Chr3,8059150,8059295,8059222,145
190,Chr4,7325353,7326500,7325927,1147
190,Chr5,14240145,14241777,14240961,1632
190,Chr5,23340250,23340308,23340279,58
191,Chr1,13033405,13035737,13034571,2332
191,Chr1,29026411,29027386,29026899,975
191,Chr2,1561026,1563204,1562115,2178
191,Chr2,18107991,18108024,18108007,33
191,Chr3,10896907,10896935,10896921,28
191,Chr4,6540689,6543112,6541901,2423
191,Chr5,14916386,14916573,14916480,187
192,Chr1,4473878,4473929,4473904,51
192,Chr2,4940952,4941001,4940976,49
192,Chr3,8127668,8127729,8127698,61
192,Chr3,10023272,10023303,10023288,31
192,Chr3,19392998,19399488,19396243,6490
192,Chr4,580220,580759,580490,539
192,Chr5,9552001,9552383,9552192,382
192,Chr5,14825786,14825904,14825845,118
192,Chr5,22709150,22713072,22711111,3922
193,Chr1,12583284,12583906,12583595,622
193,Chr1,26078886,26079004,26078945,118
193,Chr2,5934464,5935892,5935178,1428
193,Chr3,19012917,19013071,19012994,154
193,Chr4,9924999,9925292,9925145,293
193,Chr5,8228721,8228880,8228801,159
193,Chr5,13773083,13773820,13773451,737
194,Chr1,8167072,8167473,8167272,401
194,Chr1,16138256,16138787,16138522,531
194,Chr2,2389714,2411288,2400501,21574
194,Chr2,13046534,13047447,13046990,913
194,Chr2,15587615,15588556,15588085,941
194,Chr3,5679369,5680063,5679716,694
194,Chr3,9605952,9605969,9605960,17
194,Chr5,9966676,9967257,9966966,581
194,Chr5,23943265,23944136,23943701,871
195,Chr1,1254141,1276616,1265379,22475
195,Chr1,9147429,9152328,9149879,4899
195,Chr1,12687736,12687877,12687806,141
195,Chr1,29504967,29506527,29505747,1560
195,Chr2,1491614,1491673,1491644,59
195,Chr2,19012554,19013031,19012792,477
195,Chr3,10606069,10606198,10606133,129
195,Chr3,15405277,15405494,15405385,217
195,Chr4,7930939,7931307,7931123,368
195,Chr5,9058336,9059075,9058706,739
196,Chr1,20598858,20599696,20599277,838
196,Chr1,23018703,23019579,23019141,876
196,Chr3,10740731,10742318,10741525,1587
196,Chr4,5446729,5447555,5447142,826
196,Chr4,7358637,7359199,7358918,562
196,Chr5,9141633,9141829,9141731,196
196,Chr5,23409424,23410802,23410113,1378
197,Chr1,12709790,12709881,12709836,91
197,Chr2,17656469,17656865,17656667,396
197,Chr3,906192,906827,906510,635
197,Chr3,10143420,10143738,10143579,318
197,Chr5,9656969,9657812,9657391,843
197,Chr5,19305455,19307252,19306353,1797
198,Chr1,2209436,2211127,2210282,1691
198,Chr1,10613319,10613487,10613403,168
198,Chr2,746218,746705,746462,487
198,Chr2,2312998,2313064,2313031,66
198,Chr3,11217849,11217906,11217877,57
198,Chr3,17478379,17478511,17478445,132
198,Chr4,6181538,6181736,6181637,198
198,Chr5,13708651,13708699,13708675,48
199,Chr1,24777183,24777278,24777231,95
199,Chr2,3181756,4307956,3744856,1126200
199,Chr3,16323177,16323477,16323327,300
199,Chr3,17105235,17105997,17105616,762
199,Chr4,10717364,10718616,10717990,1252
199,Chr5,8676685,8677442,8677063,757
199,Chr5,10611796,10612053,10611924,257
200,Chr1,24940859,24947124,24943991,6265
200,Chr3,9468242,9472642,9470442,4400
200,Chr4,6090876,6091067,6090972,191
200,Chr4,10774261,10774657,10774459,396
200,Chr5,14517670,14517859,14517764,189
201,Chr2,14388604,14390743,14389674,2139
201,Chr5,4630345,4632264,4631305,1919
201,Chr5,15841842,15841987,15841914,145
202,Chr1,16135421,16135667,16135544,246
202,Chr3,9838140,9838715,9838428,575
202,Chr3,19579673,19579776,19579725,103
202,Chr4,5642287,5642458,5642373,171
202,Chr4,9066929,9067078,9067003,149
202,Chr5,10783944,10784420,10784182,476
202,Chr5,13880507,13880551,13880529,44
202,Chr5,26872505,26872642,26872573,137
203,Chr1,12519787,12519897,12519842,110
203,Chr1,16737379,16737554,16737467,175
203,Chr1,27091471,27091768,27091619,297
203,Chr2,6500885,6501003,6500944,118
203,Chr3,7394642,7397662,7396152,3020
203,Chr3,11913118,11913313,11913216,195
203,Chr3,18367128,18367214,18367171,86
203,Chr4,6424119,6424499,6424309,380
203,Chr4,7010671,7013075,7011873,2404
204,Chr1,183623,207856,195739,24233
204,Chr1,26692698,26693218,26692958,520
204,Chr2,10443958,10444840,10444399,882
204,Chr2,10908701,10908881,10908791,180
204,Chr2,19360041,19361303,19360672,1262
204,Chr3,6520996,6521894,6521445,898
204,Chr3,7361987,7362159,7362073,172
204,Chr4,11272153,11272276,11272215,123
204,Chr5,2246586,2248139,2247362,1553
205,Chr1,4740751,4740890,4740821,139
205,Chr1,11382856,11383015,11382936,159
205,Chr2,5053030,5053042,5053036,12
205,Chr2,8580568,8581423,8580996,855
205,Chr3,9604011,9605043,9604527,1032
205,Chr4,85566,87255,86410,1689
205,Chr4,10932464,10932562,10932513,98
205,Chr5,8144421,8145148,8144785,727
205,Chr5,13700048,13700341,13700194,293
206,Chr1,858097,971198,914647,113101
206,Chr1,9608475,9608626,9608551,151
206,Chr1,22979408,22979870,22979639,462
206,Chr2,12371180,12371209,12371194,29
206,Chr3,7322239,7323959,7323099,1720
206,Chr3,7992319,7992515,7992417,196
206,Chr3,10739224,10739540,10739382,316
206,Chr5,16198882,16198951,16198916,69
206,Chr5,26974552,26974654,26974603,102
207,Chr3,8978986,8979185,8979086,199
207,Chr4,6514864,6515553,6515208,689
207,Chr5,15969571,15970006,15969789,435
208,Chr1,4074992,4075678,4075335,686
208,Chr1,12615139,12615241,12615190,102
208,Chr1,16474332,16474488,16474410,156
208,Chr1,24594756,24595053,24594904,297
208,Chr2,6182275,6184003,6183139,1728
208,Chr2,17147592,17150356,17148974,2764
208,Chr3,8127284,8127537,8127410,253
208,Chr3,15604975,15605164,15605069,189
208,Chr3,21836105,21836347,21836226,242
208,Chr4,800035,800401,800218,366
208,Chr4,6878223,6878402,6878313,179
209,Chr1,17857859,17858787,17858323,928
209,Chr3,2761183,2764484,2762833,3301
209,Chr4,4803015,4805134,4804075,2119
209,Chr4,6044558,6045135,6044846,577
209,Chr5,9409977,9410501,9410239,524
210,Chr2,11750571,11750950,11750761,379
210,Chr3,5681664,5682439,5682052,775
210,Chr3,20037842,20038156,20037999,314
210,Chr5,668817,669604,669211,787
210,Chr5,14529776,14530678,14530227,902
210,Chr5,20707438,20708099,20707768,661
211,Chr1,1553816,1553950,1553883,134
211,Chr2,14287262,14287729,14287496,467
211,Chr3,17162926,17163047,17162986,121
211,Chr4,1260499,1261656,1261077,1157
211,Chr4,7366632,7366648,7366640,16
211,Chr5,6750333,6751553,6750943,1220
211,Chr5,14065746,14066345,14066046,599
211,Chr5,16385444,16385472,16385458,28
212,Chr1,9235128,9235482,9235305,354
212,Chr1,9832004,9832596,9832300,592
212,Chr1,23304548,23305680,23305114,1132
212,Chr2,356017,356036,356027,19
212,Chr2,6868979,6873869,6871424,4890
212,Chr4,126646,128068,127357,1422
212,Chr4,10862516,10863310,10862913,794
212,Chr4,11956512,11956597,11956554,85
213,Chr1,12966058,12966099,12966078,41
213,Chr2,971301,972306,971803,1005
213,Chr2,10584327,10584400,10584363,73
213,Chr2,12933390,12935819,12934604,2429
213,Chr3,15678499,15680179,15679339,1680
213,Chr5,9886124,9886321,9886222,197
214,Chr1,9775161,9776148,9775655,987
214,Chr1,25287151,25287329,25287240,178
214,Chr2,17525235,17526235,17525735,1000
214,Chr3,9835136,9835621,9835378,485
214,Chr4,8981927,8982645,8982286,718
214,Chr5,10295409,10296570,10295989,1161
214,Chr5,14905130,14905313,14905222,183
215,Chr1,9626323,9626440,9626381,117
215,Chr1,21103528,21103887,21103708,359
215,Chr1,24920976,24921269,24921122,293
215,Chr2,836726,837131,836928,405
215,Chr2,14155905,14158579,14157242,2674
215,Chr3,9582741,9583315,9583028,574
215,Chr4,8844152,8852836,8848494,8684
215,Chr5,3228500,3229311,3228906,811
215,Chr5,10263726,10264141,10263934,415
216,Chr1,9953274,9954455,9953864,1181
216,Chr1,25429188,25429319,25429254,131
216,Chr2,402845,404334,403589,1489
216,Chr3,10396549,10396703,10396626,154
216,Chr3,16577905,16578387,16578146,482
216,Chr4,1175662,1175670,1175666,8
216,Chr4,13651179,13652090,13651635,911
216,Chr5,8402817,8402970,8402893,153
216,Chr5,18800097,18800570,18800333,473
217,Chr1,22958193,22958244,22958219,51
217,Chr4,5442970,5443116,5443043,146
218,Chr1,16466127,16466824,16466475,697
218,Chr1,27146269,27146685,27146477,416
218,Chr2,1598931,1599008,1598969,77
218,Chr3,11260834,11260902,11260868,68
218,Chr5,20295046,20295077,20295062,31
219,Chr2,5926266,5926700,5926483,434
219,Chr2,18366149,18367719,18366934,1570
219,Chr3,8190620,8191018,8190819,398
219,Chr3,9936150,9936217,9936184,67
219,Chr3,17507109,17507138,17507123,29
219,Chr5,1089680,1089901,1089790,221
219,Chr5,26233847,26233941,26233894,94
220,Chr1,18760713,18760877,18760795,164
220,Chr2,8763929,8764728,8764329,799
220,Chr2,16007338,16012275,16009806,4937
220,Chr4,6425346,6425950,6425648,604
220,Chr4,7244318,7244546,7244432,228
220,Chr5,22635806,22636373,22636090,567
221,Chr2,7393440,7393542,7393491,102
221,Chr3,7631099,7631723,7631411,624
221,Chr3,18300969,18301454,18301211,485
221,Chr4,7682887,7683600,7683243,713
221,Chr5,1768579,1768739,1768659,160
221,Chr5,16867246,16868539,16867892,1293
222,Chr1,11114640,11116278,11115459,1638
222,Chr1,25802716,25802981,25802848,265
222,Chr2,6801370,6802479,6801924,1109
222,Chr3,8873785,8873843,8873814,58
222,Chr5,6481740,6482344,6482042,604
222,Chr5,14023496,14024129,14023812,633
222,Chr5,22177888,22177931,22177910,43
223,Chr1,728904,728931,728918,27
223,Chr1,8473927,8474049,8473988,122
223,Chr1,11576634,11577132,11576883,498
223,Chr1,13317588,13317896,13317742,308
223,Chr2,6354683,6354892,6354787,209
223,Chr3,862837,864027,863432,1190
223,Chr3,16184076,16184184,16184130,108
223,Chr4,8806289,8806407,8806348,118
223,Chr5,13352821,13357479,13355150,4658
223,Chr5,13907031,13907263,13907147,232
223,Chr5,26245810,26246502,26246156,692
224,Chr1,25411234,25411606,25411420,372
224,Chr3,11603484,11603603,11603544,119
224,Chr3,16676912,16676985,16676948,73
224,Chr3,21739802,21741793,21740798,1991
224,Chr4,5163211,5165967,5164589,2756
224,Chr5,8987252,8989270,8988261,2018
224,Chr5,17866115,17866758,17866437,643
224,Chr5,26092903,26094807,26093855,1904
225,Chr1,1120669,1121219,1120944,550
225,Chr1,26678726,26679121,26678924,395
225,Chr2,5072664,5072777,5072720,113
225,Chr3,8957639,8957824,8957731,185
225,Chr3,15950213,15950291,15950252,78
225,Chr4,5659804,5660121,5659962,317
225,Chr4,12219786,12219870,12219828,84
225,Chr4,17398129,17398345,17398237,216
225,Chr5,1993999,1994279,1994139,280
225,Chr5,13879242,13879291,13879266,49
225,Chr5,15941515,15941649,15941582,134
226,Chr1,5388729,5388853,5388791,124
226,Chr2,10568728,10568890,10568809,162
226,Chr3,611550,613988,612769,2438
226,Chr3,10591079,10591426,10591253,347
226,Chr4,7576002,7576911,7576456,909
227,Chr1,9973305,9973566,9973435,261
227,Chr1,26716520,26716550,26716535,30
227,Chr2,6793356,6795275,6794316,1919
227,Chr2,8277209,8281565,8279387,4356
227,Chr3,18481138,18481482,18481310,344
227,Chr4,7351418,7353398,7352408,1980
227,Chr4,9299711,9300162,9299937,451
228,Chr1,16435597,16437421,16436509,1824
228,Chr2,5003022,5003047,5003034,25
228,Chr2,5676455,5678203,5677329,1748
228,Chr4,6095900,6096042,6095971,142
228,Chr5,15316361,15316441,15316401,80
229,Chr3,5251675,5251791,5251733,116
229,Chr3,15705362,15705634,15705498,272
229,Chr3,15928718,15928745,15928732,27
229,Chr4,71707,72008,71857,301
229,Chr4,6746708,6747019,6746864,311
229,Chr5,16996958,16997028,16996993,70
230,Chr1,17368143,17368300,17368221,157
230,Chr2,18848300,18849092,18848696,792
230,Chr3,3124979,3125958,3125469,979
230,Chr4,17641542,17641843,17641692,301
230,Chr5,8006880,8007248,8007064,368
231,Chr1,8559446,8559554,8559500,108
231,Chr1,17500198,17500584,17500391,386
231,Chr2,494005,494756,494381,751
231,Chr2,2193531,2193725,2193628,194
231,Chr3,17461980,17462044,17462012,64
231,Chr4,5716216,5723568,5719892,7352
231,Chr5,5884624,5884717,5884670,93
231,Chr5,20571957,20630806,20601381,58849
232,Chr2,6817581,6817701,6817641,120
232,Chr2,10682279,10685497,10683888,3218
232,Chr3,10015727,10015784,10015755,57
232,Chr3,17513902,17515326,17514614,1424
232,Chr4,5365454,5365591,5365522,137
232,Chr4,6736923,6737427,6737175,504
233,Chr1,17253368,17253798,17253583,430
233,Chr1,19547363,19547924,19547643,561
233,Chr1,24448000,24448193,24448096,193
233,Chr2,2272346,2272778,2272562,432
233,Chr5,8656028,8656283,8656156,255
233,Chr5,15043991,15045014,15044503,1023
234,Chr1,13255192,13255773,13255482,581
234,Chr1,19768764,19789214,19778989,20450
234,Chr2,608353,608355,608354,2
234,Chr2,6764214,6775087,6769650,10873
234,Chr2,9753021,9753230,9753125,209
234,Chr4,525465,526018,525741,553
234,Chr4,17886301,17887652,17886977,1351
234,Chr5,7321640,7321994,7321817,354
234,Chr5,21305169,21305440,21305305,271
235,Chr2,10628959,10629893,10629426,934
235,Chr2,12619865,12620483,12620174,618
235,Chr3,15674945,15675382,15675163,437
235,Chr4,13494120,13494401,13494260,281
235,Chr5,5835777,5837969,5836873,2192
236,Chr1,17065021,17065396,17065209,375
236,Chr1,18077977,18078473,18078225,496
236,Chr2,7428729,7429011,7428870,282
236,Chr2,16702595,16702844,16702719,249
236,Chr3,21468762,21492444,21480603,23682
236,Chr4,8986253,8986395,8986324,142
236,Chr5,6216601,6216616,6216609,15
237,Chr2,1363239,1363369,1363304,130
237,Chr2,7375225,7375624,7375425,399
237,Chr4,7552911,7553239,7553075,328
237,Chr5,25889007,25889414,25889211,407
238,Chr1,7845062,7845304,7845183,242
238,Chr1,17124563,17124701,17124632,138
238,Chr2,2921388,2921521,2921454,133
238,Chr2,16843054,16843746,16843400,692
238,Chr3,11510592,11511374,11510983,782
238,Chr5,630271,630573,630422,302
239,Chr1,3105137,3106888,3106013,1751
239,Chr1,11815246,11815778,11815512,532
239,Chr1,26635299,26635647,26635473,348
239,Chr2,1926394,1926794,1926594,400
239,Chr4,855491,858112,856801,2621
239,Chr5,174278,174865,174572,587
239,Chr5,16593518,16593572,16593545,54
240,Chr1,12689105,12689440,12689273,335
240,Chr1,18405567,18406132,18405849,565
240,Chr1,27334995,27335418,27335207,423
240,Chr3,4437135,4439720,4438427,2585
240,Chr3,7611170,7611194,7611182,24
240,Chr4,9923032,9923555,9923294,523
240,Chr5,1266411,1267120,1266765,709
240,Chr5,22828761,22829025,22828893,264
241,Chr2,2284253,2284476,2284365,223
241,Chr4,5757930,5758681,5758306,751
242,Chr1,12657193,12657679,12657436,486
242,Chr1,22513769,22513872,22513821,103
242,Chr2,13201321,13207700,13204511,6379
242,Chr4,10521173,10522130,10521651,957
242,Chr5,1419362,1422683,1421022,3321
242,Chr5,14556668,14556771,14556720,103
243,Chr1,10608002,10608120,10608061,118
243,Chr1,25408170,25409585,25408878,1415
243,Chr2,2181177,2182064,2181621,887
243,Chr2,6811471,6811716,6811593,245
243,Chr3,9601788,9603332,9602560,1544
243,Chr3,16775645,16776221,16775933,576
243,Chr4,14045542,14046770,14046156,1228
244,Chr1,15934060,15934507,15934284,447
244,Chr1,16778402,16778504,16778453,102
244,Chr4,6161005,6161072,6161039,67
244,Chr5,9550557,9550711,9550634,154
244,Chr5,10287233,10287346,10287289,113
244,Chr5,26561023,26561442,26561233,419
245,Chr1,12850246,12851749,12850998,1503
245,Chr1,28859920,28860384,28860152,464
245,Chr2,8368334,8368480,8368407,146
245,Chr3,9466225,9466358,9466291,133
245,Chr4,16460853,16461803,16461328,950
245,Chr5,9356501,9356748,9356625,247
245,Chr5,18074403,18075337,18074870,934
245,Chr5,26341795,26342285,26342040,490
246,Chr1,16132256,16132382,16132319,126
246,Chr1,19862465,19862536,19862501,71
246,Chr2,6240183,6242419,6241301,2236
246,Chr2,12244084,12244119,12244102,35
246,Chr3,5816271,5820624,5818447,4353
246,Chr5,11983753,11983828,11983791,75
246,Chr5,25996241,25996542,25996391,301
247,Chr1,179175,179753,179464,578
247,Chr1,11472632,11472652,11472642,20
247,Chr1,26135582,26135783,26135682,201
247,Chr2,7107359,7108714,7108037,1355
247,Chr2,14122616,14123516,14123066,900
247,Chr3,9704694,9706187,9705440,1493
247,Chr3,21193317,21193955,21193636,638
247,Chr4,1214329,1215182,1214755,853
247,Chr4,6457637,6457898,6457767,261
247,Chr4,9891132,9893106,9892119,1974
247,Chr5,783375,784221,783798,846
247,Chr5,13472336,13472577,13472456,241
247,Chr5,13957195,13957546,13957371,351
248,Chr1,591180,591492,591336,312
248,Chr1,12937716,12939010,12938363,1294
248,Chr3,17164506,17164620,17164563,114
248,Chr4,10474633,10475231,10474932,598
248,Chr4,13076501,13076691,13076596,190
248,Chr5,9200303,9200615,9200459,312
248,Chr5,22177356,22177853,22177604,497
249,Chr2,614605,615446,615025,841
249,Chr2,1696583,1696617,1696600,34
249,Chr3,11101678,11102126,11101902,448
249,Chr4,5808093,5808349,5808221,256
249,Chr5,8219978,8220340,8220159,362
250,Chr1,11444514,11444591,11444552,77
250,Chr1,12707772,12708448,12708110,676
250,Chr2,6392505,6393391,6392948,886
251,Chr1,7967679,7967706,7967693,27
251,Chr1,29409980,29410371,29410176,391
251,Chr2,8470580,8471225,8470902,645
251,Chr2,12161338,12161691,12161514,353
251,Chr3,15990069,15990167,15990118,98
251,Chr3,19989622,19991562,19990592,1940
251,Chr4,1029193,1029364,1029279,171
251,Chr5,24437842,24438138,24437990,296
252,Chr1,23770856,23770946,23770901,90
252,Chr2,180140,180481,180310,341
252,Chr2,8666888,8667095,8666992,207
252,Chr4,713286,713314,713300,28
252,Chr5,10185234,10185520,10185377,286
252,Chr5,20402588,20403387,20402988,799
253,Chr1,2054614,2055165,2054890,551
253,Chr1,17061633,17061712,17061673,79
253,Chr1,24646668,24647068,24646868,400
253,Chr1,26640832,26641652,26641242,820
253,Chr2,12339569,12343857,12341713,4288
253,Chr3,5565664,5565891,5565778,227
253,Chr3,10334500,10334563,10334532,63
253,Chr4,461726,461978,461852,252
253,Chr4,13306613,13307075,13306844,462
253,Chr5,13712520,13712590,13712555,70
254,Chr1,1550920,1552210,1551565,1290
254,Chr1,18249122,18249162,18249142,40
254,Chr2,2268581,2269003,2268792,422
254,Chr2,7365016,7365302,7365159,286
254,Chr2,17114981,17115083,17115032,102
254,Chr3,17790233,17790964,17790599,731
254,Chr4,111445,111564,111505,119
255,Chr2,355720,355964,355842,244
255,Chr2,9520752,9522856,9521804,2104
255,Chr3,8876464,8878314,8877389,1850
255,Chr4,7958229,7958424,7958327,195
255,Chr5,8205348,8207096,8206222,1748
256,Chr3,15556127,15556625,15556376,498
256,Chr5,13655702,13655940,13655821,238
256,Chr5,18990683,18990792,18990737,109
257,Chr1,4529508,4530451,4529980,943
257,Chr1,12303361,12303719,12303540,358
257,Chr1,18137672,18138066,18137869,394
257,Chr3,5317864,5319495,5318680,1631
257,Chr3,15988017,15988050,15988033,33
257,Chr4,6479852,6479853,6479852,1
257,Chr5,14064198,14064292,14064245,94
257,Chr5,25030334,25032814,25031574,2480
258,Chr1,11930658,11930673,11930666,15
258,Chr1,23055609,23055774,23055691,165
258,Chr4,1246926,1246982,1246954,56
259,Chr1,19987993,19991908,19989951,3915
259,Chr2,6108509,6108616,6108563,107
259,Chr2,14886042,14886448,14886245,406
259,Chr5,576184,576458,576321,274
260,Chr1,1158573,1158584,1158579,11
260,Chr1,17652760,17653436,17653098,676
260,Chr1,18834774,18838124,18836449,3350
260,Chr2,7532055,7532127,7532091,72
260,Chr3,1807944,1809471,1808708,1527
260,Chr4,133527,134356,133941,829
260,Chr4,7635543,7635589,7635566,46
260,Chr5,4215564,4216117,4215840,553
260,Chr5,10277466,10277565,10277516,99
261,Chr1,4685536,4690603,4688070,5067
261,Chr2,5528726,5535171,5531948,6445
261,Chr3,15776066,15776585,15776326,519
261,Chr5,16294244,16294417,16294330,173
261,Chr5,16944291,16944498,16944395,207
262,Chr1,11183383,11183829,11183606,446
262,Chr1,28939559,28942080,28940819,2521
262,Chr2,9390535,9390765,9390650,230
262,Chr2,19231221,19231231,19231226,10
262,Chr4,6936169,6937197,6936683,1028
262,Chr5,2303606,2303916,2303761,310
263,Chr1,5577155,5578380,5577767,1225
263,Chr1,8555929,8556751,8556340,822
263,Chr3,10433546,10433610,10433578,64
263,Chr3,11285469,11285987,11285728,518
263,Chr5,8996860,8999455,8998158,2595
264,Chr1,11282207,11282499,11282353,292
264,Chr1,12233379,12233707,12233543,328
264,Chr1,29578939,29579904,29579421,965
264,Chr2,8429163,8430413,8429788,1250
264,Chr2,12337823,12337880,12337851,57
264,Chr3,7253758,7259020,7256389,5262
264,Chr3,9335488,9336490,9335989,1002
264,Chr4,7619390,7619716,7619553,326
264,Chr5,26118694,26119379,26119036,685
265,Chr1,16133241,16133417,16133329,176
265,Chr1,17826562,17826941,17826752,379
265,Chr2,2181296,2182064,2181680,768
266,Chr1,18390081,18390327,18390204,246
266,Chr2,7049444,7050941,7050192,1497
266,Chr2,8014228,8014718,8014473,490
266,Chr2,16629140,16630145,16629642,1005
266,Chr3,10045918,10046302,10046110,384
266,Chr3,20593237,20593238,20593237,1
266,Chr4,6025149,6025576,6025363,427
266,Chr4,7308931,7309779,7309355,848
266,Chr5,2609253,2610138,2609695,885
266,Chr5,15654490,15654748,15654619,258
266,Chr5,21804982,21805297,21805140,315
266,Chr5,23398969,23403958,23401463,4989
267,Chr1,13076724,13076966,13076845,242
267,Chr2,17196876,17198595,17197736,1719
267,Chr3,1911270,1911776,1911523,506
267,Chr3,16922437,16922849,16922643,412
267,Chr4,112272,112334,112303,62
267,Chr4,5708470,5708678,5708574,208
268,Chr1,26595758,26602850,26599304,7092
268,Chr2,1173758,1173823,1173790,65
268,Chr3,8085080,8085466,8085273,386
268,Chr3,11242257,11242625,11242441,368
268,Chr3,16536092,16536181,16536136,89
268,Chr4,18421878,18422804,18422341,926
268,Chr5,10135276,10135956,10135616,680
268,Chr5,15969138,15969571,15969354,433
268,Chr5,20547294,20547832,20547563,538
269,Chr1,1842417,1843937,1843177,1520
269,Chr1,7349392,7349919,7349656,527
269,Chr2,476592,477263,476928,671
269,Chr2,15188986,15189469,15189228,483
269,Chr3,20293073,20293698,20293385,625
269,Chr4,5371250,5371418,5371334,168
269,Chr4,8086178,8086494,8086336,316
269,Chr5,14875833,14876097,14875965,264
269,Chr5,19004040,19004253,19004146,213
270,Chr1,11781411,11782368,11781889,957
270,Chr1,17101550,17102884,17102217,1334
270,Chr1,28707111,28724228,28715669,17117
270,Chr2,1932759,1933575,1933167,816
270,Chr2,7571165,7571188,7571177,23
270,Chr2,15125739,15125984,15125861,245
270,Chr3,7217590,7217649,7217620,59
270,Chr3,11004977,11005269,11005123,292
270,Chr4,11002595,11002994,11002795,399
270,Chr5,15248130,15248817,15248474,687
271,Chr1,14032809,14032952,14032881,143
271,Chr1,16273112,16273723,16273418,611
271,Chr2,1496659,1497264,1496961,605
271,Chr3,19416119,19416165,19416142,46
271,Chr3,21059719,21059941,21059830,222
271,Chr5,16938409,16938776,16938593,367
272,Chr1,10143911,10144539,10144225,628
272,Chr2,17244900,17245423,17245162,523
272,Chr4,72509,72771,72640,262
272,Chr4,5425377,5425596,5425487,219
272,Chr4,8105206,8105765,8105486,559
272,Chr4,16454785,16454980,16454883,195
272,Chr5,5638074,5638699,5638386,625
272,Chr5,22923673,22923853,22923763,180
273,Chr1,1162447,1163183,1162815,736
273,Chr1,17334695,17335316,17335005,621
273,Chr2,909627,920409,915018,10782
273,Chr3,11299940,11310814,11305377,10874
273,Chr5,25392333,25392366,25392349,33
274,Chr1,13471666,13478957,13475312,7291
274,Chr1,16481280,16482946,16482113,1666
274,Chr2,261747,261926,261837,179
274,Chr2,11302392,11303512,11302952,1120
274,Chr3,1753277,1753832,1753555,555
274,Chr3,16253226,16253243,16253234,17
274,Chr4,106154,106594,106374,440
274,Chr4,10018498,10018948,10018723,450
274,Chr5,13425740,13426199,13425970,459
274,Chr5,18956702,18957712,18957207,1010
274,Chr5,26809016,26809304,26809160,288
275,Chr1,24930423,24930582,24930503,159
275,Chr2,494971,494979,494975,8
275,Chr2,6024050,6025111,6024580,1061
275,Chr3,1949442,1950701,1950072,1259
275,Chr3,22204311,22204998,22204655,687
275,Chr4,84786,84910,84848,124
275,Chr5,10486083,10486315,10486199,232
275,Chr5,14894625,14894854,14894739,229
276,Chr1,12636771,12637977,12637374,1206
276,Chr1,23162227,23162243,23162235,16
276,Chr1,28455290,28455409,28455350,119
276,Chr2,18620890,18623776,18622333,2886
276,Chr3,9632521,9632608,9632565,87
276,Chr3,16772512,16772581,16772546,69
276,Chr4,9930560,9930900,9930730,340
276,Chr5,352047,353273,352660,1226
276,Chr5,17711730,17713204,17712467,1474
277,Chr1,12496083,12496222,12496153,139
277,Chr1,18885024,18885657,18885340,633
277,Chr1,25705175,25706351,25705763,1176
277,Chr2,5708784,5708999,5708892,215
277,Chr3,15080577,15080662,15080619,85
277,Chr4,15358054,15358465,15358260,411
277,Chr4,17595907,17596429,17596168,522
277,Chr5,15796277,15796320,15796299,43
278,Chr1,10421645,10421705,10421675,60
278,Chr2,2349814,2350013,2349914,199
278,Chr3,10619827,10620099,10619963,272
278,Chr3,11466640,11466705,11466672,65
279,Chr1,21321900,21323071,21322486,1171
279,Chr1,24481147,24482009,24481578,862
279,Chr2,11945702,11946537,11946120,835
279,Chr3,10666935,10668436,10667685,1501
279,Chr3,11285987,11286180,11286083,193
279,Chr3,15606609,15607264,15606937,655
279,Chr4,7247349,7247605,7247477,256
279,Chr5,396515,397643,397079,1128
279,Chr5,10296584,10296719,10296652,135
279,Chr5,21631495,21631690,21631593,195
280,Chr1,16131481,16132256,16131869,775
280,Chr1,16897300,16897570,16897435,270
280,Chr2,83999,86107,85053,2108
280,Chr2,12527316,12527681,12527498,365
280,Chr3,7451998,7452333,7452166,335
280,Chr3,8041297,8041742,8041519,445
280,Chr3,19598736,19599021,19598878,285
280,Chr5,9913364,9913592,9913478,228
281,Chr1,8875953,8876018,8875985,65
281,Chr1,27392486,27392850,27392668,364
281,Chr2,2177366,2181177,2179272,3811
281,Chr2,10574759,10576322,10575541,1563
281,Chr5,7268151,7268977,7268564,826
281,Chr5,18714381,18715390,18714885,1009
282,Chr1,12181045,12181084,12181065,39
282,Chr2,2316442,2316588,2316515,146
282,Chr2,12930063,12930155,12930109,92
282,Chr2,17526235,17527105,17526670,870
282,Chr3,9835500,9835621,9835560,121
282,Chr4,1429414,1431285,1430350,1871
282,Chr5,13774335,13774435,13774385,100
283,Chr1,18646047,18646356,18646201,309
283,Chr1,29870152,29870900,29870526,748
283,Chr2,611302,611833,611568,531
283,Chr2,5909366,5909423,5909394,57
283,Chr2,10837241,10837473,10837357,232
283,Chr4,5300356,5300575,5300466,219
283,Chr5,2906942,2910749,2908846,3807
283,Chr5,16594401,16594775,16594588,374
284,Chr1,16130694,16131373,16131034,679
284,Chr2,2901400,2901696,2901548,296
284,Chr2,6948791,6948869,6948830,78
284,Chr4,9993665,9994549,9994107,884
284,Chr5,16134787,16135271,16135029,484
284,Chr5,21250202,21250588,21250395,386
285,Chr1,549671,560551,555111,10880
285,Chr2,564533,564781,564657,248
285,Chr2,19265373,19266173,19265773,800
285,Chr3,3313287,3313590,3313439,303
285,Chr3,11907463,11908101,11907782,638
285,Chr5,575995,576184,576089,189
285,Chr5,16594066,16594171,16594118,105
286,Chr1,9019526,9019615,9019570,89
286,Chr1,12936390,12936865,12936628,475
286,Chr1,28586256,28586563,28586410,307
286,Chr2,2323898,2324352,2324125,454
286,Chr2,12243543,12243744,12243643,201
286,Chr3,11916259,11916492,11916375,233
286,Chr3,16630796,16630899,16630848,103
286,Chr4,46982,47909,47446,927
286,Chr4,5234309,5234821,5234565,512
286,Chr5,16182105,16184355,16183230,2250
287,Chr3,492990,493700,493345,710
287,Chr3,17999095,17999376,17999235,281
287,Chr3,22051760,22052425,22052092,665
287,Chr4,11856911,11857040,11856975,129
287,Chr5,15485288,15487154,15486221,1866
287,Chr5,16468238,16468770,16468504,532
287,Chr5,26506415,26507434,26506925,1019
288,Chr1,850465,858097,854281,7632
288,Chr1,20956501,20956890,20956695,389
288,Chr2,1494673,1494998,1494835,325
288,Chr3,3182818,3185264,3184041,2446
288,Chr3,9017536,9017843,9017690,307
288,Chr4,1251374,1251820,1251597,446
288,Chr5,8014034,8014642,8014338,608
288,Chr5,16771955,16772112,16772033,157
